-180.969 62.5155 11.3055 -9.74154 2.14941 2.16804 2.14604 -4.74262 1.10573 -2.29413 -0.508292 -2.06664 2.23446 -0.463183 0.454295 -0.124484 1.88211 0.370794 1.0386 2.07585 3.43617 1.16147 -0.201944 -0.616211 -0.0693283 0.25382 
-20.5488 76.793 24.5605 -2.00271 -4.7787 0.894568 5.07743 2.54441 0.0241225 -3.62621 -3.49486 -1.32564 3.6113 5.03705 4.24087 0.235769 -1.43833 -2.18485 -1.52846 -1.59302 -0.589185 -0.42224 -0.130127 -0.45673 -0.108929 0.226358 
-17.0812 63.4482 23.3082 2.13823 -2.57411 0.993246 6.08292 5.09905 3.39425 1.1206 2.58956 3.45122 4.64451 3.37086 2.42203 -0.845238 -2.43157 -2.44526 0.366249 2.35238 3.29839 1.20698 -1.05881 -2.70878 -2.26233 -0.949421 
-111.071 121.161 28.9122 -15.6403 4.54979 8.49862 0.517377 -4.17447 7.58457 2.01212 2.73569 -1.59526 6.79515 -0.00811466 -2.41933 0.606697 0.0521951 -3.2548 -3.58562 1.86897 3.73457 -0.393331 0.73199 2.60131 0.120645 -2.48555 
-6.58286 57.3091 25.6446 9.69008 2.63278 -0.589853 0.0263045 -0.189077 1.10909 0.128347 1.00655 1.65846 3.81733 3.49782 2.92559 0.160113 -0.44514 -0.0470585 1.54067 1.55217 1.65642 0.760484 0.435481 -0.487884 -0.800124 -0.515341 
-2.43328 59.2829 25.4636 7.02148 -0.311363 -1.41027 1.12284 0.417179 -0.400808 -2.48905 -0.571278 2.07601 5.69958 6.06784 5.69016 2.3991 0.125445 -1.44283 -0.551361 0.281749 1.40003 0.632762 0.219197 0.136737 1.05467 1.25865 
-80.4645 100.14 24.3017 -6.05005 -1.09677 0.384565 -2.62306 -3.03089 3.50716 -0.463724 -5.10374 -4.60067 3.94524 5.99915 5.53977 2.6795 1.41513 -1.83769 -1.63918 -0.252976 0.685952 -1.08606 -0.543129 1.21758 2.08912 0.907092 
-27.9083 56.4252 25.7546 9.26492 1.07014 -2.45068 -1.11315 -0.700053 0.383143 -1.29401 -0.754545 0.351892 3.30357 3.20754 2.09166 -1.30914 -2.21827 -2.03835 -0.573226 -0.300456 0.625152 0.805711 1.49283 1.56817 1.82709 1.39581 
-10.1109 52.8747 23.537 9.34396 3.26123 1.04893 2.32613 1.71161 2.10268 0.799468 1.68315 1.8816 3.3911 3.11107 3.26187 0.92024 -0.306128 -1.07813 -0.0417564 0.295837 0.853619 -0.102514 -0.601341 -0.933041 -0.166879 0.37232 
-33.322 59.9794 24.5886 5.5523 -1.59528 -2.35959 1.01928 2.01931 2.76455 0.343173 -0.114743 0.0112795 2.81467 3.93468 4.51631 1.56181 -0.399082 -1.15963 0.682779 1.71108 2.25301 0.901177 0.101246 -0.581019 -0.373679 -0.0380427 
-20.3593 62.6671 24.9893 4.88532 -2.29375 -3.39231 -1.38211 -1.818 -1.24684 -2.49391 -1.6439 -0.995238 1.4538 1.91535 2.36945 0.530754 0.320941 0.46029 1.56016 1.28251 1.24962 0.0687203 -0.823314 -2.12726 -2.28631 -1.40303 
-26.3034 74.3598 24.6526 1.50866 -1.89272 -0.666514 2.12402 3.58282 4.00098 -1.72001 -3.69851 -0.28522 5.41828 4.34697 1.70855 -0.207725 0.939937 0.698448 0.627208 0.588786 1.60779 0.902495 0.433361 -0.417808 -0.878637 -0.714415 
-51.1766 66.2396 27.2771 6.22199 -1.57779 -3.7378 -2.45665 -1.83789 1.60524 2.76063 3.69535 2.58587 3.4488 3.27458 3.04061 -0.401116 -1.89181 -1.37346 1.09017 1.38041 0.851061 -0.596038 -0.604733 -0.622608 -0.324593 -0.0528422 
-63.3833 73.3693 27.9322 4.39211 -3.03684 -5.00351 -1.67191 2.60325 6.42806 2.70457 0.115928 0.783175 4.45197 3.38747 1.60714 -0.238503 0.0239091 -1.1202 -1.23371 -1.05662 -0.0697347 -0.602373 -0.15848 0.800494 1.67833 1.30024 
-58.713 80.0184 28.09 2.28579 -2.72153 -2.50107 0.70459 4.01915 7.01943 2.88544 0.40695 1.70628 5.84608 4.72846 2.60032 -0.259096 -0.9933 -1.19259 1.64363 3.76339 4.16726 2.7909 3.51063 3.27699 0.85319 -1.18549 
-61.2922 75.2283 31.6908 6.81359 -2.68572 -3.80955 0.358183 2.52246 3.96341 0.816419 -0.441654 -0.223856 3.34778 4.70719 4.75844 1.21401 -1.07803 -2.14777 -0.607806 0.79599 2.44119 1.71842 0.531215 -0.875175 -0.944132 -0.245683 
-68.0011 72.3757 31.4161 8.1263 -0.617446 -1.67253 2.05415 3.28253 3.7998 0.57611 0.249114 1.95602 6.25735 6.80669 5.23335 0.682896 -1.41253 -1.9216 -0.0414492 1.22028 2.44888 1.30392 -0.199579 -1.7584 -1.65572 -0.747195 
-74.8516 75.8276 27.9909 3.68396 -1.19866 -1.13465 -0.207682 -0.884477 0.97001 -0.3351 -0.11572 1.14726 5.50095 6.66582 6.49273 3.3401 1.21121 -0.92833 -0.928538 -0.892606 0.0807697 0.222002 1.35985 1.8236 1.58751 0.755077 
-58.2316 73.2903 30.9796 8.58574 0.545437 -3.22801 -2.54424 0.354016 4.90203 1.99327 -2.15969 -3.27638 1.9192 4.78068 5.25669 2.76309 1.92647 0.0504804 -1.50838 -2.49767 -0.900677 -0.375658 -0.0783331 0.502959 2.46491 2.74072 
-52.7228 71.5194 29.4441 6.91392 -0.700283 -2.00798 1.43176 4.29159 6.37853 2.57193 0.268512 0.592315 4.19922 4.25976 3.48585 1.05932 0.185114 -1.18492 -0.799985 0.17604 2.07836 1.94766 1.46193 0.398804 0.109905 -0.00713591 
-55.7436 64.9738 26.4398 5.9931 -2.30218 -5.3629 -2.78236 0.637125 3.73656 0.184946 -2.78904 -3.24327 0.0145452 0.281105 0.311947 -0.342353 0.811524 0.086273 -0.621838 -0.76518 1.16135 1.10633 -0.0775698 -1.3539 -0.627603 0.276093 
-66.6315 69.5892 31.0668 10.5028 2.1907 -2.08947 -2.38355 -1.80462 1.3985 0.86707 0.841042 1.41331 4.81225 5.43111 4.72023 1.32077 -0.202657 -0.923451 0.295862 0.827164 1.14423 -0.645337 -1.84188 -2.09271 -0.775689 0.198055 
-89.8202 88.5667 26.8053 3.26328 5.58645 2.29967 -4.02771 -5.41483 2.67042 1.91395 -0.645677 -0.796574 5.4117 5.04195 2.84548 -0.246435 0.387877 -0.854145 -0.969601 -0.88036 0.639089 -0.16018 0.699109 1.80893 2.63559 1.83614 
-73.4896 68.5168 28.8418 6.77978 -2.4823 -6.42966 -5.5709 -3.87908 0.148155 -0.234518 -0.570424 -0.903461 1.96889 2.90357 3.25097 0.765501 -0.436897 -1.73508 -1.68107 -1.55858 0.128 0.088311 -0.758284 -2.37107 -2.38013 -1.15846 
-95.5969 83.7882 30.4691 3.73463 1.26327 1.3477 0.437045 0.122603 5.26347 3.80269 -0.0986677 -2.33991 2.22565 4.12046 4.19441 1.85346 1.89089 0.223152 -0.744667 -1.12561 0.379947 -0.636432 -1.49108 -0.26517 3.37568 3.97344 
-114.393 90.6234 28.8327 -0.320494 1.9824 -0.205434 -2.21657 -2.61885 3.02545 -3.22821 -5.33528 -1.09381 7.13259 3.13862 0.203874 1.06876 4.78143 1.08597 -1.37123 0.03704 3.04459 0.385772 -2.0364 -2.13875 -0.351439 0.210896 
-93.953 81.1534 28.4928 1.79882 -3.06538 -4.5237 -3.35065 -1.90719 1.04136 -2.84676 -4.13167 -1.32417 4.77557 4.81545 3.21938 -0.0502892 -1.68781 -3.07688 -0.547785 1.86293 1.94201 -1.14854 -1.54186 -0.0292679 1.08862 0.587559 
-130.231 102.87 34.5457 -1.76681 3.16879 -2.2956 -7.5417 -7.97714 5.20818 0.424049 -1.77144 -2.10845 5.67104 0.767428 -0.659219 1.70532 4.97593 -1.33883 -4.09507 -1.82776 2.66021 0.491964 -0.66617 -1.31686 -2.84923 -3.32186 
-55.0709 60.0707 28.7138 11.8334 2.54346 -3.26226 -4.12483 -4.06435 -0.870578 0.695756 3.50847 4.29961 4.82135 2.47804 1.2264 -0.652472 -0.244847 -0.0993633 0.227 -0.810653 -0.840632 -1.1441 -0.515964 -0.292983 0.27666 0.489874 
-104.191 88.7734 29.1258 2.41564 2.55759 0.0109704 -3.36576 -5.19288 0.130503 -1.67317 -1.76644 -0.778814 2.69831 -0.856028 -2.03276 -1.32029 1.45964 -0.608434 -1.83428 -1.85052 0.157375 -0.656952 -0.330314 -0.12234 0.0849813 -0.134573 
-87.2726 79.7846 31.0087 6.3489 0.985145 -0.956856 -1.34405 -1.47996 1.5128 -0.87489 -2.08417 -0.869444 4.01387 4.08914 2.27544 -0.727314 -0.244561 0.0317012 0.38053 -0.530465 -0.0423742 -0.212437 0.110779 -0.784277 -1.58761 -1.30208 
-113.931 86.504 33.1165 5.44037 1.33924 -0.71155 -0.842315 -0.960199 3.63808 0.284889 -3.28367 -4.52057 1.04261 3.03958 3.01619 0.865329 1.55183 1.31782 0.646204 -0.648781 0.0763679 -0.200062 -0.172223 -0.541968 -0.0983974 0.379178 
-114.826 83.6533 30.856 6.36236 2.24577 -2.4163 -4.01801 -4.76689 0.443686 -0.704288 -1.30039 -1.03686 4.27018 3.54056 1.76432 0.167811 3.20336 2.87892 0.114144 -2.95428 -1.50001 0.24268 0.665612 -0.874876 -1.27914 -0.97354 
-80.5981 73.2133 33.7211 10.8832 1.11878 -2.53441 -1.45742 -1.00963 0.453492 -2.16686 -3.04138 -2.28201 2.15422 3.61384 3.31203 -0.058035 -0.886332 -0.575847 1.10315 1.21628 1.4805 0.239987 -0.533428 -1.48031 -1.22584 -0.50895 
-164.919 111.575 35.7033 -11.1172 11.7076 1.9492 -4.99228 -8.35703 8.85312 1.73349 0.0665445 -1.67147 6.10621 -0.910286 -3.92987 0.546557 3.83424 1.1137 -1.14187 -0.422884 1.7812 -0.299891 1.51334 1.64131 -0.196852 -2.73582 
-63.3629 62.0236 28.9671 11.8938 4.0863 -0.781841 -2.42201 -3.87338 -2.03223 -2.03879 -0.815378 0.0236789 3.36042 4.88676 5.56566 2.67997 0.89057 -0.0471127 0.861138 0.780884 0.980117 0.232901 0.531148 0.848486 1.54053 1.3501 
-59.9979 56.3841 27.5089 13.0857 5.28005 0.336875 -0.0965831 -0.506905 0.820713 -0.506629 -0.580751 -1.66173 -1.48388 -2.71226 -1.90621 -1.83892 -0.596163 -0.706389 -0.453878 -0.647463 0.555281 0.805791 1.24054 1.2549 1.78021 1.53801 
-87.6004 75.6496 29.9868 6.84031 0.845996 -1.52169 -1.73396 -2.54407 -1.61974 -4.5029 -3.93664 -1.08693 2.79725 1.32596 0.0733926 -1.31 -1.02714 -1.65488 -0.122491 1.78168 3.06981 1.27222 0.0657722 -0.56465 -0.525836 -0.401686 
-117.2 81.0339 31.2063 7.10455 4.77267 2.1864 -0.521895 -3.84767 -1.01021 -2.13204 -0.463329 0.851648 4.0237 2.45464 3.38847 3.19603 2.87063 -0.823553 -1.45039 -0.549609 1.37404 0.256191 0.383738 0.698105 0.791405 0.291041 
-60.1022 51.6036 24.7465 13.3675 7.87077 2.65642 0.0469249 -1.83231 0.172913 0.308036 0.648476 -1.00562 -1.1237 -2.17632 -1.80279 -2.92846 -2.42954 -1.83424 -0.0522464 0.921119 2.33673 1.99177 1.33918 0.260956 0.2577 0.452943 
-70.3167 57.1135 29.2587 13.6555 3.28132 -4.05639 -5.83855 -6.62422 -4.23818 -3.18225 -0.69541 -0.278382 0.790019 0.509855 1.65741 0.417927 -0.268516 -1.02039 0.143712 0.713485 1.55804 0.8282 0.290298 -0.781103 -1.04292 -0.651115 
-115.145 83.4866 29.9389 2.03659 -2.49933 -4.68221 -4.36371 -2.81219 3.88054 2.00991 -2.17175 -5.19682 -0.545209 1.9597 2.56286 -0.686832 -1.12395 -1.25689 0.229766 -0.0729619 -0.486875 -1.88639 -1.29709 -0.399957 0.431691 0.296281 
-102.214 67.9317 31.1955 11.9292 3.47755 -2.90316 -4.93622 -4.79748 -0.411387 -0.109721 0.0907366 0.0507594 3.15178 3.27553 2.70358 0.48976 0.799281 0.462531 0.38931 -0.410009 0.401165 0.187863 0.175015 0.114936 1.22469 1.43891 
-106.494 76.8433 26.9162 5.56688 0.684904 -4.02619 -6.45554 -7.76613 -2.18095 0.101073 1.67514 0.990577 2.98131 1.01642 -1.02504 -3.13981 -1.20587 -0.625358 -0.423712 -1.11273 0.117711 0.33321 -0.0651674 -1.23038 -0.989333 -0.685827 
-118.439 87.8778 30.8585 3.12787 3.73613 1.35281 -2.93205 -6.37533 0.360076 -0.595976 -2.65609 -3.91627 2.1214 2.11764 -0.30035 -4.78508 -2.99507 -0.792287 1.82855 1.5846 1.90037 0.930968 1.18162 0.369039 -0.432378 -0.885578 
-97.8901 60.5593 28.3811 10.41 0.843575 -5.00054 -5.54158 -5.35848 -1.76941 -0.283674 2.14945 2.29415 3.11651 1.45925 0.855373 -1.27627 -1.45552 -1.98622 -1.3538 -1.33122 -0.180259 -0.345027 -0.351312 -0.492577 0.494034 0.915428 
-111.888 85.1427 29.6064 4.90959 6.04671 2.74068 -3.76035 -7.31393 -0.425164 0.35556 -0.885446 -2.07059 1.91635 2.30842 2.07957 0.00586418 -0.682252 -1.9374 -1.4012 -1.00575 -0.839101 -1.38238 0.0402898 0.238799 -1.65998 -2.4711 
-88.6794 57.2871 28.2961 13.3985 4.97333 -1.12515 -2.41179 -2.83291 -0.522151 -1.08945 -0.914269 -1.35414 0.891359 1.77084 2.66066 0.580613 -0.633683 -1.94076 -1.6603 -1.36469 0.256667 0.517176 0.374982 -0.294262 0.126833 0.506187 
-118.785 72.9505 30.9663 8.85568 1.53909 -3.67856 -4.00995 -3.5859 -0.313574 -3.07849 -3.81428 -3.35066 0.427414 0.0664829 0.343218 -0.57632 0.0278352 -1.35704 -0.865728 0.355529 2.62047 1.29604 -0.372979 -1.38178 -0.307622 0.525717 
-98.499 65.6156 33.1528 16.8834 8.6813 1.5301 -1.78572 -3.21047 -0.308243 -0.771143 -1.45813 -2.49315 0.526407 2.83503 4.84324 2.79408 0.919937 -1.63111 -2.65125 -3.45755 -1.95936 -0.570776 0.901203 0.521918 -0.0726883 -0.270652 
-109.077 58.2864 25.3315 8.46857 1.00425 -3.51158 -3.46319 -3.3921 -0.372813 0.179404 2.0565 1.87444 2.29323 0.4661 0.760912 0.446907 1.54976 1.21229 1.09036 0.167478 0.588 0.202869 0.19902 -0.426489 -0.400899 -0.134382 
-123.371 80.105 35.0132 11.0201 3.44907 -5.34949 -7.95565 -6.07789 2.85769 2.51743 1.1779 -1.30337 1.61213 0.951828 2.07186 0.634939 1.21759 -0.190536 0.409946 -0.419278 -0.0592521 -0.724813 1.02481 1.29952 0.0732414 -0.873034 
-169.397 107.122 35.4533 -8.15189 14.5863 5.55218 -5.24719 -13.0478 7.28133 2.72025 2.51336 -0.555645 7.45216 1.2337 -0.337661 -0.183629 0.821133 -2.73054 -1.60789 0.78148 2.14105 -1.23781 -1.2244 -1.02723 -1.18901 -2.08499 
-122.982 75.2772 31.0056 10.0992 3.9968 -4.43785 -8.63776 -7.25063 0.618578 0.599132 -0.300873 -0.664136 1.94398 -0.786802 -2.68003 -3.30677 -1.03072 -1.45705 -1.53188 -0.537274 2.46214 2.29377 0.751406 -1.48728 -2.11075 -1.31891 
-144.842 84.3418 33.3684 7.79577 7.08404 0.795822 -3.45741 -6.35566 1.58133 1.02208 1.64613 1.75195 6.94253 4.40127 2.41214 -0.118874 2.15927 1.27453 0.829543 -0.568169 0.48843 -0.213993 0.78798 1.00376 1.28729 0.740206 
-158.524 97.5681 29.9495 3.62845 12.374 2.90964 1.1411 -8.81021 0.745666 -1.56253 1.76906 -4.05522 -0.033859 -1.89993 0.609514 0.0815204 -0.3646 -2.1354 -2.40422 -0.822509 1.06424 0.710198 0.813661 0.24129 -0.0854124 -0.836402 
-107.325 64.31 32.6241 15.2909 6.06163 -1.19357 -4.33499 -6.66538 -4.21181 -3.04443 -0.221348 0.554196 2.10421 0.609596 0.00283024 -2.06138 -1.90957 -2.38464 -1.83775 -1.97785 -0.952868 -1.73391 -2.44893 -2.99263 -1.57829 -0.196795 
-137.446 72.2278 33.1581 12.4863 7.25332 -0.199628 -3.52861 -5.73714 0.243817 0.31395 1.29365 0.631721 4.4814 3.34958 2.58039 -0.398841 0.57581 0.0134175 -0.300096 -2.36403 -1.83759 -1.55125 0.055667 0.350211 0.649401 0.430214 
-123.739 69.138 29.3053 9.95381 6.42963 2.11178 -2.18711 -6.55732 -2.60484 -0.368865 1.34485 -0.485939 0.691223 0.876682 2.02581 -0.00775557 -0.673723 -1.22769 -0.226152 -0.611369 -0.67538 -1.31167 -0.887081 -1.23015 -1.52436 -1.23295 
-125.561 73.0718 31.9452 11.6251 7.14454 1.44209 -2.98836 -5.98038 -1.36894 -0.898166 -0.916985 -2.23764 0.366872 0.0602124 -0.295414 -2.58362 -1.77526 -1.17387 0.0393602 -0.472438 0.137265 -0.0651048 0.669533 0.383817 0.13538 -0.0127044 
-122.351 65.5629 28.7909 10.3625 3.40117 -2.07465 -3.5072 -4.04224 -0.525929 -1.03787 -1.35772 -1.8477 1.54474 2.47537 2.4669 -0.210068 -0.5129 -0.831596 -0.497053 -1.27649 -0.448411 0.256265 1.16026 0.408774 -0.402857 -0.656289 
-131.506 73.5742 31.039 8.95175 3.35478 -1.90831 -4.49642 -6.01817 -1.81989 -2.67492 -2.80675 -1.779 3.78944 5.10178 4.48484 1.20374 0.193989 -1.40031 -1.95927 -1.59542 0.764477 0.868575 -0.400406 -2.18184 -1.78823 -0.613102 
-137.455 78.9164 28.4679 4.10293 3.2756 -0.00523391 -0.964699 -3.39348 3.00113 2.19473 2.72986 0.783213 3.6451 1.31931 0.509498 -2.34801 -1.29099 -2.07856 -0.988818 -0.908489 1.05173 0.0834382 -0.652341 -2.46811 -2.90003 -1.93669 
-97.1123 56.6921 26.1597 12.9233 7.39926 1.107 -3.55696 -6.64955 -4.26594 -3.49068 -2.04025 -1.76555 0.147874 -0.491051 -0.870265 -2.54832 -2.11309 -2.30617 -1.76034 -1.08296 1.4185 2.00759 1.24302 -0.331573 -0.257909 0.328413 
-115.461 62.2782 27.5864 11.787 6.87508 0.825227 -4.04562 -7.39792 -3.65063 -1.19571 1.72758 2.33823 3.39257 0.691329 -1.20004 -2.63104 -0.505383 0.560947 0.750684 -0.0839655 0.791554 0.687668 0.165534 -0.664156 -0.0265633 0.587256 
-124.464 75.3975 30.8538 7.73354 3.58027 1.44145 0.476953 -2.5076 0.0303417 -0.435266 0.446014 -1.26058 -0.610668 -1.5659 0.863208 1.11806 1.15196 -1.61984 -2.21666 -1.90962 -0.117433 -0.379473 -0.115407 0.0402192 0.779178 0.800239 
-109.868 62.0536 32.068 16.4715 7.1005 -2.17262 -7.21855 -8.92014 -3.65164 0.221578 3.23808 2.32191 2.03269 -0.31671 -1.80057 -4.63088 -4.18759 -2.55183 -0.153364 -0.145587 -0.0704935 -0.972479 -1.23681 -2.19899 -2.26331 -1.38698 
-115.835 65.669 32.1294 14.6341 6.50324 -0.807983 -4.3245 -5.99641 -2.11235 -1.03681 0.0897945 -0.583375 1.19857 0.591746 -0.206804 -3.11735 -2.91911 -1.49877 0.861608 1.01231 0.964419 -0.401245 -1.02138 -1.47371 -0.795112 -0.0414517 
-117.92 63.954 29.9468 15.9471 11.2829 2.92345 -4.63183 -7.91721 -2.87235 -0.447392 1.02725 0.329599 1.26491 -0.444773 -1.10718 -2.50512 -1.54693 -0.635868 1.34004 1.56608 1.33233 0.0733822 0.625878 0.935091 0.60559 0.0610412 
-160.048 75.9285 32.4018 7.86435 5.91092 0.166476 -2.65413 -7.8587 -2.04255 -0.834174 1.46127 -1.03541 0.856962 0.578899 2.8687 2.09056 1.61792 -1.27108 -2.64964 -2.63483 -0.18727 0.448492 0.481771 0.184185 1.09207 1.34422 
-102.934 61.065 27.5794 12.1056 6.54731 1.40342 -1.98352 -4.34036 -1.37457 -0.391969 -0.00981978 -1.6978 -0.747821 -0.526823 0.377448 -1.41691 -1.88319 -1.89747 -0.0149436 1.06411 2.22533 1.5613 0.811966 -0.409925 -0.666354 -0.396248 
-108.13 55.2042 27.0393 12.9944 5.40449 -0.961007 -3.4904 -5.96039 -4.32422 -3.56253 -0.89945 -0.423298 1.1217 1.10005 2.55236 1.64593 1.25076 -0.165998 -0.6384 -1.80324 -1.23617 -0.376371 1.44698 1.79505 1.41505 0.629793 
-192.829 102.637 35.0015 -10.6533 17.6767 4.91584 -4.37549 -14.8851 3.37126 -1.38041 -1.02829 -4.59708 4.58398 1.50386 -2.37453 -3.25419 -0.5018 -1.71913 -0.528862 1.05333 2.94836 -1.6479 0.0516352 0.446035 0.897426 -1.63533 
-131.574 67.1888 30.5748 11.1114 3.91203 -2.40066 -4.71409 -6.83064 -3.09146 -1.9628 0.979804 1.29561 2.61877 0.110793 -0.709809 -2.19546 -0.281917 0.205549 0.0777964 -2.23456 -2.16853 -1.46036 0.178177 -0.457019 -1.56019 -1.50127 
-144.935 76.4723 31.8392 9.75508 8.54107 1.3644 -5.83308 -12.8767 -6.58115 -3.46163 0.0601292 -1.39779 0.434925 -2.52586 -3.95661 -5.55498 -2.29948 -0.630725 0.27966 0.154298 1.97651 1.58529 -0.526834 -3.48085 -3.50355 -1.87291 
-104.864 54.673 26.0875 13.4185 6.84585 -0.90898 -5.37173 -6.88585 -2.68202 -1.34391 -0.628642 -1.53389 -0.0582179 -0.648688 -1.06179 -3.09155 -2.25176 -0.942127 0.677578 0.266156 0.427317 0.0322524 0.284047 -0.366707 -0.719753 -0.557917 
-142.876 65.3406 29.6862 13.345 10.2236 3.09078 -2.38754 -6.86253 -2.16081 -1.22144 -0.723822 -2.5094 -0.0042196 -1.14727 -2.56221 -4.91599 -2.2487 -0.523827 -0.247175 -1.50697 0.153842 0.987072 0.460494 -1.15539 -0.634672 0.223046 
-185.006 91.2648 36.2694 -0.86687 11.6099 1.28325 -0.379807 -11.6076 1.49848 -0.409784 1.11906 -5.53774 -1.56664 -1.81789 -0.161681 -0.927997 -0.433359 -2.3675 -2.21393 -0.880843 2.46926 1.27857 -0.421444 -0.70529 0.518826 1.46485 
-127.272 66.0599 29.5802 13.3339 9.12882 2.56283 -3.33162 -7.16289 -3.32531 -2.16764 -1.32705 -1.6116 1.30534 1.1144 0.459935 -2.05846 -1.39841 -1.06082 -0.47575 -1.06172 0.0970811 0.42089 0.77656 0.0307679 0.018179 0.134169 
-149.006 78.5399 31.5718 9.06946 9.43887 2.77341 -2.76279 -7.37443 -1.56358 -3.5131 -3.62828 -3.40893 2.81963 2.68747 2.90176 0.913879 2.00886 0.168361 -0.230282 -1.57266 -0.512535 -0.31744 1.87881 1.64471 -0.00813899 -1.31016 
-140.159 56.0571 26.6609 11.7565 5.3619 -1.1329 -4.48203 -7.29892 -3.42437 -0.335883 3.44414 3.3275 4.11638 3.13925 3.66195 1.6968 1.27928 0.650371 1.26236 0.472086 0.82247 0.404563 0.782555 0.153703 -0.0821095 -0.0603951 
-185.421 96.0858 35.0659 -0.0301987 20.5521 8.67348 -1.53259 -13.1045 2.68928 -0.0909312 -0.519696 -3.88288 3.57642 0.0860171 -3.46443 -3.49086 -0.330971 -0.434904 -0.628153 1.38829 3.96242 1.60426 0.371913 -1.0347 -1.25957 -1.87599 
-148.947 72.4191 30.0482 10.8226 9.80278 3.5909 -1.53148 -5.07011 2.0008 3.13248 2.77388 -0.889809 0.253186 -1.49283 -2.00381 -4.17047 -2.65249 -1.67181 0.254023 0.612943 1.79191 0.524442 -0.268513 -1.20066 -0.692094 -0.0209492 
-150.743 74.3668 30.9231 9.59709 9.14936 2.23297 -5.4772 -12.4247 -4.54429 -1.24419 -0.778668 -6.0658 -2.77037 0.303979 3.17197 -0.310101 -0.99708 -0.625746 1.16065 0.145996 -0.0557057 -0.972252 -0.0866911 1.06777 2.83621 2.75027 
-114.684 58.4729 29.4531 16.2977 10.5351 4.52908 0.132223 -4.46563 -3.45085 -2.38507 -0.023024 -0.30484 1.01508 1.40181 2.63646 0.20399 -1.69205 -2.92582 -1.52734 -0.816626 -0.12992 -0.828493 -0.732397 -0.934831 -0.553701 -0.234113 
-167.631 84.1558 29.2168 3.75673 15.9713 9.66515 0.31202 -11.6778 -1.55884 -1.79747 -0.987343 -5.57286 0.42464 -0.593784 0.142403 -1.46361 2.49147 1.6547 0.829027 -1.29667 0.911691 -0.511682 -1.48324 -2.3155 0.254697 1.50793 
-178.609 82.5556 25.7595 0.661538 14.4123 4.37548 -3.20325 -10.1847 3.91442 1.63627 1.12909 -1.84513 2.23322 -1.07394 0.583967 2.86495 4.31207 -0.943201 -3.48266 -0.76838 2.80674 1.47282 0.204322 -0.102601 0.0161287 -0.173583 
-190.378 99.0089 33.6302 -2.3609 22.112 6.64273 -2.66233 -13.811 5.11143 -0.837095 1.487 -4.74826 3.89484 0.313637 -1.20871 0.000555931 1.1347 -0.217423 -0.956992 0.185471 2.70326 -0.602544 1.56986 0.864135 2.08718 -0.714986 
-134.657 58.3227 26.9889 15.1652 12.8993 6.47632 -0.951189 -7.25934 -5.02144 -3.93122 -2.64204 -3.17964 -0.193193 0.764074 1.62464 -0.135911 0.15678 -1.00819 -2.17423 -3.23309 -0.699155 1.26794 1.82863 0.534308 0.454476 0.632819 
-158.071 78.0936 28.3906 6.89486 10.7731 1.40529 -6.09407 -10.6351 -0.766772 -1.22325 -0.172745 -0.819545 4.02088 1.80561 2.533 2.01996 2.4734 -1.65734 -1.87676 0.3233 3.6489 1.89775 0.3124 -1.55657 -2.35298 -2.13953 
-145.854 69.1537 30.9899 13.08 9.55748 0.849561 -4.34461 -5.9702 0.933529 0.350588 -0.205401 -1.02258 2.87616 1.69411 1.12008 -0.47841 0.96799 0.402671 0.844813 0.774962 1.97502 1.18137 0.689555 -0.648041 -1.58595 -1.47999 
-120.634 52.7612 26.7777 15.0282 9.13677 2.93059 -0.892503 -4.86772 -3.99887 -3.74221 -1.89449 -1.95889 -0.207346 0.429819 1.74504 -0.14546 -0.925516 -0.84123 1.05429 1.41775 1.37288 -0.00948015 -0.587204 -1.3058 -1.29288 -0.71389 
-163.233 69.4165 28.7435 9.97769 10.2651 2.47005 -3.79037 -8.29975 -0.0277146 1.29811 0.89852 -3.13608 -0.747486 -1.2156 -0.667469 -2.76264 -0.664653 0.749233 2.07975 0.176439 -0.459474 -0.320154 1.70868 1.4943 -0.0436346 -1.02541 
-140.626 59.101 23.5079 9.6318 9.87172 6.52285 2.03129 -2.48712 1.3327 2.55992 3.14996 0.550883 0.805119 -0.548457 0.0495365 -0.273315 2.09962 2.59545 2.15301 -0.195077 -0.661724 -1.40577 -1.33143 -1.62539 -0.798794 -0.0368067 
-131.085 58.9451 30.0423 17.0003 10.7164 1.89612 -4.14853 -7.76851 -4.16415 -3.13975 -2.33864 -3.2154 -0.282596 1.21593 2.46444 0.0543964 -0.860973 -1.9436 -1.7732 -2.14747 -0.999094 -0.793559 -0.529966 -0.75679 0.0743746 0.57654 
-157.848 75.8978 30.8389 8.6712 9.82352 2.90466 -1.58434 -8.94283 -2.87565 -2.89108 -0.315245 -1.88934 2.98944 2.44232 2.34219 -1.8614 -1.42097 -1.48619 0.0944529 0.958913 3.76218 3.42881 1.50171 -1.5298 -2.02244 -0.827451 
-133.404 58.3447 28.8394 14.5265 8.31114 1.69932 -0.728127 -1.99725 1.71749 1.64137 1.79311 0.293669 1.70176 0.901431 1.11638 -0.315354 0.224827 -0.880799 -1.41937 -1.78178 0.430336 0.704526 -0.0838413 -1.33197 -0.312678 0.640927 
-170.124 74.4521 27.5009 4.35114 9.70579 3.15159 -1.84372 -9.24731 0.292534 0.64527 2.01098 -2.74763 -0.108854 -3.948 -4.2695 -5.45734 -0.468761 -0.997482 -2.41517 -3.80945 0.430162 1.69105 0.97652 -0.629169 1.087 2.05801 
-138.928 67.1369 27.9703 9.82919 8.52496 4.30957 -1.22416 -7.82832 -3.72445 0.00133691 3.4074 1.18722 1.12111 -0.182402 1.08631 0.278599 0.95756 0.0334069 0.0750725 -0.146701 1.51252 1.15741 0.141219 -1.13324 -0.405886 0.408926 
-131.264 55.6228 27.2598 15.6575 12.2453 5.69837 -0.42226 -5.3602 -2.46605 -0.342345 1.80098 1.08931 2.02619 0.964971 0.704999 -0.352954 1.30344 2.43627 2.68845 1.3368 1.17531 0.10962 -1.45011 -3.40864 -3.36522 -1.75539 
-166.794 70.5882 22.9038 2.64444 10.0562 5.76477 -0.162768 -8.40181 -1.77249 -3.07188 -2.06489 -1.98197 6.25155 6.11346 3.66409 -0.670532 2.31345 2.60486 1.27449 -2.08666 -0.714361 0.732659 1.52846 0.417454 0.371443 0.461103 
-152.501 66.1507 30.7177 13.6779 12.1242 6.68893 2.47794 -3.28995 0.378083 0.803196 1.1921 -2.70841 -2.09815 -1.93782 0.406919 -0.48625 0.0291432 0.180244 1.18008 0.227299 -0.220714 -0.852673 0.186312 0.990922 1.48137 1.12947 
-154.082 65.093 29.9279 13.4601 12.7431 6.47366 1.61197 -4.59898 -0.0845915 1.27403 3.14953 -0.0736412 0.365733 -0.989041 0.30291 -1.40063 -0.900045 -1.25399 0.538194 1.04429 2.10101 1.20494 1.25865 0.980082 1.54951 1.12636 
-174.27 68.4366 32.3543 11.6745 10.7688 1.86646 -3.16512 -10.4961 -3.48424 -1.23768 2.69666 0.131188 2.79029 1.87054 2.65717 -0.435786 0.251738 0.985158 3.32857 2.30279 1.03182 -2.01506 -2.46725 -2.15341 -0.537913 0.274278 
-170.035 89.0383 29.8965 2.77673 17.7892 8.1537 -1.87124 -10.9083 3.96864 2.14184 0.917146 -4.11061 2.29827 0.494524 0.576778 -1.51814 -0.78559 -3.31764 -2.39121 -0.209663 1.09728 -1.31371 -1.06736 -0.0693675 -0.332353 -1.1834 
-171.226 79.6907 27.7846 6.23437 16.7985 7.22783 0.429802 -8.27184 1.87966 0.891028 0.819447 -2.27881 3.6328 2.54714 1.68849 0.764678 3.71969 1.17283 -2.28057 -3.05857 1.69728 3.05238 1.41716 -0.879521 0.257704 0.915438 
-153.759 62.7295 26.3914 9.73402 7.98463 2.04202 -2.18304 -5.9561 -1.19182 -1.38401 -0.663416 -1.50717 1.95385 0.895378 0.387969 -1.72208 0.168385 0.416901 0.894336 0.229743 1.93121 1.70666 1.18737 -0.443939 -0.328717 0.0415572 
-179.712 80.1855 30.9952 8.78594 20.6381 8.94141 -0.296646 -10.8542 0.744523 -1.1316 0.921505 -0.982733 4.29749 -0.447104 -2.18 -2.63392 2.42088 1.92966 1.04298 0.394261 1.82533 0.203971 -0.585668 -1.05684 0.364945 0.425851 
-172.44 83.1695 29.9569 6.75447 18.8839 7.08188 -4.16981 -13.2313 1.57578 2.26038 1.80434 -3.38588 2.33716 0.996793 0.905292 -1.23064 0.6643 -1.48346 -1.58483 -0.191774 2.37312 1.54146 0.108892 -0.925662 -1.22608 -1.21107 
-143.69 60.2095 26.1576 14.4117 14.813 7.53445 -1.57195 -7.2873 -1.52257 0.28724 -1.03678 -4.86134 -2.73245 -1.55657 -0.651703 -2.37303 -0.736466 0.764042 2.0489 1.55936 2.05182 0.89749 -0.920855 -2.95626 -2.52185 -1.07477 
-144.139 54.6937 26.6602 16.2266 14.8861 9.99315 4.7082 -1.45694 -1.12926 -2.045 -1.42294 -1.76232 0.953417 1.26266 1.46202 -0.04432 1.2365 1.64686 1.078 -1.02198 -0.908604 -0.719265 -0.554786 -1.41286 -1.17048 -0.423428 
-168.077 76.6956 27.341 7.04648 16.2329 9.26356 -0.695481 -10.3681 -1.37964 -1.96989 -2.11682 -5.2006 0.705735 -0.524741 -1.80617 -4.2552 -0.73405 -0.047746 0.338313 -0.866635 0.246375 -0.301921 0.506925 1.2206 2.81599 2.10397 
-173.471 66.6683 27.693 9.72037 12.9421 5.14933 -1.05082 -7.86032 0.00523234 0.483105 0.202455 -3.95259 -0.188293 -0.0132883 -0.0176321 -2.6783 -0.695148 -0.0647481 0.188301 -0.547733 1.87326 2.61474 1.97782 -0.0446907 0.122682 0.481659 
-158.998 73.5131 29.2645 11.3734 17.565 11.8916 2.14066 -9.67132 -5.36116 -3.88061 -0.140001 -0.573756 4.37698 3.61326 2.84345 -0.559582 0.796545 0.796589 0.850467 -1.2601 -0.4423 -0.374416 0.565309 0.387992 0.836557 0.891754 
-148.927 62.4694 23.2297 8.17226 10.1875 6.46576 1.01337 -4.27241 -1.1738 -2.43401 -2.91866 -4.17676 -1.70025 -2.43434 -1.59635 -1.3215 0.550878 -0.0771696 -0.619958 -1.50295 -0.520646 0.0743866 1.7077 2.18527 1.45944 0.488462 
-132.572 49.6821 24.1613 14.5314 11.193 5.43711 0.580237 -3.89939 -2.39682 -1.86623 -0.63159 -1.73551 -0.933451 -1.46307 -0.995535 -2.49749 -2.04129 -1.21014 0.835656 1.68816 2.83539 2.08963 1.0729 -0.364974 -0.442044 -0.0282198 
-142.423 58.339 28.278 16.0733 13.4736 7.40698 3.00095 -0.532433 2.40586 1.48797 0.971804 -0.603041 1.45388 0.352208 -0.84848 -3.32788 -1.78466 -0.278486 0.801567 -0.0410725 0.728034 1.18234 1.92239 1.70134 1.81124 1.44824 
-216.766 93.063 40.0163 -6.83605 21.6947 6.37262 -5.50391 -18.7451 2.02243 -1.66184 -1.25977 -5.94149 3.13425 0.931273 -1.81926 1.65221 0.989024 -1.8135 -3.08782 1.67925 4.51992 -0.26303 -1.45959 -0.155427 0.856019 -0.460428 
-131.42 57.0094 28.3499 15.992 11.6718 4.4672 -1.24591 -6.44236 -4.79796 -4.86199 -3.36002 -2.93947 0.644203 1.17157 0.964237 -1.7812 -1.08125 -0.12768 1.04049 -0.0116884 0.134159 -0.46929 -0.46698 -0.627561 0.412987 0.949259 
-182.046 77.7879 30.4006 7.71895 19.9446 12.6011 4.69806 -7.47855 3.29859 3.03225 2.4096 -3.72479 2.30129 2.93109 1.0673 -3.67906 -0.359529 3.21692 2.10471 -2.18299 -2.59319 -0.693876 -0.0189625 -0.83307 -1.09312 0.189414 
-192.045 72.9264 28.9107 5.05257 16.2187 8.89149 2.93068 -8.81214 -0.975946 -2.21889 -1.42688 -5.01404 -0.304283 -0.708884 0.205008 -1.91447 -1.16336 -2.09339 -1.45603 -1.56856 -0.290586 -1.23302 -0.0838039 0.480366 1.42469 0.807447 
-154.185 57.283 29.8255 17.4742 13.1233 5.67171 0.922938 -4.33716 -3.57845 -4.73899 -2.83162 -1.95914 1.53527 2.26163 3.47605 1.75811 1.18703 0.541936 1.60099 2.08699 2.78972 1.72203 1.05679 0.532374 0.854488 0.877138 
-138.862 62 27.4971 15.0934 15.0308 9.36275 1.81299 -4.20395 -1.16233 -1.37587 -2.18974 -3.38857 1.05203 2.61117 2.19351 -1.22957 -0.799415 -0.0828334 0.902208 0.433105 1.68117 1.66814 1.5212 1.25714 2.51108 2.54011 
-199.936 88.7258 24.4336 -4.16912 16.9262 2.44727 0.202001 -10.9002 5.52448 1.02865 1.52072 -2.22124 2.74091 1.29793 0.376153 1.50995 1.19966 -1.39657 -2.77566 -1.8753 0.960901 -2.11906 0.499774 -0.448864 0.104629 -1.96347 
-181.902 65.1482 29.2288 11.2785 14.5196 7.67289 1.79976 -6.54914 -0.641388 0.834694 3.62998 0.368406 1.13666 0.272108 2.45246 2.9443 3.14534 0.0712227 -2.48811 -3.83199 -1.7172 -0.357792 0.498253 0.341725 0.556638 0.585376 
-132.829 52.505 26.6767 16.7213 13.3353 7.56342 2.39418 -3.00808 -2.24941 -2.03138 -0.944171 -2.18235 -0.470368 0.97769 2.97989 0.908464 0.0553029 0.369902 2.38009 1.50229 -0.151741 -2.04873 -1.08947 0.40473 1.59003 1.38095 
-184.111 76.8954 26.9293 3.76271 15.1617 7.45933 -1.29657 -12.4858 -2.11365 -2.59924 -2.20729 -5.83017 2.35637 1.88325 -0.16059 -5.25767 -2.3434 -0.600181 0.44878 -1.60157 -1.13849 -2.12711 -1.87496 -1.36991 0.844275 1.48594 
-158.231 66.9894 27.6397 9.9059 11.292 7.75849 2.69747 -4.39371 -0.937131 -0.497991 0.355709 -2.12581 0.651082 1.4792 2.50425 0.029274 0.37775 0.536942 1.0935 -1.20397 -2.1258 -2.61393 -1.6128 -2.03419 -2.47838 -1.93569 
-139.947 49.5628 22.1316 12.5105 11.1695 5.83519 1.58289 -1.44539 2.66582 3.10888 2.6972 0.0577432 2.16961 3.08991 3.66215 0.188598 -0.484443 -0.0546299 1.25784 -0.580552 -1.67809 -1.97996 -0.388771 -0.551226 -1.51102 -1.5721 
-166.655 67.0293 20.4061 1.56148 12.2017 10.4636 3.1287 -8.74869 -4.65276 -5.62667 -5.29193 -7.72909 -2.57788 -1.81007 -0.902574 -2.3432 -0.00979659 -0.34731 -1.28778 -2.17875 0.227623 1.48526 1.85516 1.64983 2.75987 2.49153 
-139.449 47.3681 24.2376 16.8036 14.704 8.74973 3.79301 -0.797128 0.421272 -0.210413 0.294621 -0.823919 0.681184 0.258378 0.978814 -0.175636 0.487814 -0.375762 -1.0307 -2.4993 -1.59391 -1.23539 -0.549273 -0.59788 0.230852 0.638508 
-160.574 62.2633 27.3236 12.6258 11.6219 5.05984 -1.69602 -7.50697 -2.77575 -0.650777 0.86952 -1.79171 -0.929314 -0.887794 2.02951 2.57697 4.02381 2.54028 1.57726 -0.262833 0.0615066 -0.683186 -0.559565 -1.01496 -0.491624 -0.11145 
-190.855 74.1306 29.0934 2.81052 9.15661 2.81611 -0.310015 -9.5871 -1.33842 -2.157 0.78949 -3.0882 1.00234 -0.550665 1.48444 0.0330938 1.53268 -0.742569 -1.29528 -2.11243 -0.0831123 0.347667 0.913064 0.673697 0.455026 0.262301 
-156.348 61.5208 30.013 16.7615 15.9396 8.92144 2.08121 -4.84597 -1.38202 -0.560728 1.05382 -0.779683 1.2025 0.0698464 -0.233135 -2.6519 -0.880916 0.439828 1.82499 0.698505 0.946783 0.130454 -0.401144 -1.71768 -1.48273 -0.654281 
-156.449 58.0182 25.3311 11.7853 11.8538 7.20862 0.855115 -7.04117 -3.95278 -1.00434 1.9021 -0.656781 0.934586 2.15296 4.31171 0.895078 -1.00999 -1.95077 -0.775524 -2.25337 -2.79653 -2.38108 0.455728 1.20093 0.433962 -0.480429 
-169.035 69.6767 22.8296 4.51362 13.4728 9.2506 2.39448 -6.31981 -0.726859 -3.09202 -2.9851 -4.07036 1.88461 1.04122 1.88528 0.209269 2.22847 0.389028 1.06777 0.758796 1.56863 -1.22268 -1.6459 -1.13746 0.389135 0.505059 
-174.72 78.1583 28.4292 7.64764 20.7403 12.4668 2.89361 -8.79139 0.0947261 -2.2041 -0.589109 -2.20608 4.08188 0.310476 0.273773 -0.0398979 3.42719 0.205364 -2.14376 -3.15335 -0.274768 -0.376957 0.774423 0.0225293 -0.694743 -1.41462 
-168.09 65.1144 26.7294 11.9495 16.3773 10.7634 1.94091 -6.79437 -1.69406 -0.699556 -0.959263 -4.11899 -1.03114 -0.57353 -0.460913 -2.47058 -0.268588 1.07543 0.599187 -1.66722 -0.798942 0.704564 2.15932 0.915072 -0.234423 -0.478166 
-192.857 64.5652 26.121 7.04154 13.3188 6.29647 0.527645 -7.69056 0.372911 0.531118 1.63853 -1.76719 2.2264 0.663938 0.278919 -1.55567 1.29116 0.76313 -0.748951 -2.68765 -0.518838 0.28721 0.60543 -0.433143 0.434609 0.788775 
-171.232 72.1628 33.6646 12.8578 15.3121 7.64792 2.69655 -6.20816 -0.621249 -0.883424 1.39447 -2.62732 -0.597243 -1.2825 0.992026 -0.919667 -1.26845 -1.82667 0.588509 1.38692 1.23388 -0.483905 -0.0233674 0.609922 0.169521 -0.407431 
-182.869 74.3813 32.3846 8.75226 11.6124 4.48933 2.49631 -5.73158 0.458134 -2.61867 -0.809882 -3.85793 1.44064 -0.0377092 1.573 -1.1915 1.01704 -0.669679 -1.0463 -2.36899 0.376234 0.151026 -1.07606 -3.05949 -2.10943 -0.417059 
-171.37 59.4294 21.495 7.05388 12.9391 7.30653 -1.5237 -10.9386 -4.46171 -2.11919 -0.914243 -4.51387 -1.24396 -1.26398 -0.788293 -2.33508 1.31615 2.70832 1.74648 -1.19977 0.0892803 1.56579 1.97757 0.40632 0.25131 0.563743 
-170.769 68.4606 24.453 8.32967 19.034 14.0693 3.98476 -6.20159 2.17128 3.5607 2.28445 -3.63934 -0.950492 -2.10781 -2.17157 -3.70434 -0.0393214 0.461478 0.212992 -0.558627 2.20064 1.859 0.497455 -0.654161 1.38716 2.30262 
-178.116 60.0437 25.4606 10.6097 14.2205 10.6072 5.5426 -4.42479 -2.84903 -3.053 -1.02263 -4.48761 -3.54926 -3.49009 0.371879 0.775038 2.31861 1.39764 0.837848 -1.54244 -1.66272 -1.23811 0.54709 0.11425 -0.942658 -1.21734 
-167.404 60.6635 23.979 7.86037 8.51874 3.56373 -1.33962 -7.37356 -3.1825 -3.0501 -2.08143 -3.83693 -0.153918 -0.482525 -0.477819 -2.88201 -0.442596 0.552571 1.37222 -0.350156 0.28509 0.0841713 0.0544208 -1.17041 -1.0319 -0.483484 
-161.249 57.2961 25.2486 12.3741 12.7583 7.57585 3.38001 -1.4857 1.26833 -0.315341 -0.262113 -0.80717 2.29225 0.917401 0.175348 -0.853128 1.60727 1.48316 0.453313 -0.615432 1.40346 1.81027 1.09543 -0.288647 0.333343 0.863792 
-159.181 57.7439 24.9806 12.9087 14.3838 8.81731 2.3948 -4.85654 -2.85287 -3.82599 -2.62599 -3.00181 0.266054 -0.668963 -1.08126 -3.38778 -2.2815 -1.72759 -0.385581 -0.645042 0.09223 0.178074 1.3236 1.53768 1.3014 0.62571 
-194.234 67.6154 22.0134 4.16551 17.1323 12.9156 6.07597 -3.42893 4.66274 2.02825 -0.602232 -7.06134 -2.80344 -2.72104 -1.03055 -3.0517 -0.717092 -1.09195 1.03642 0.500871 1.90366 0.407466 0.947878 0.658964 0.920845 0.310908 
-149.831 55.9722 19.2176 7.31873 13.2912 14.3141 9.13069 -0.707784 -2.185 -3.19037 -2.10665 -3.28108 -1.34073 -1.26052 -0.150806 -0.819295 0.470566 0.826183 1.40041 1.05238 2.05093 2.1139 1.84782 0.66403 0.147007 0.0493283 
-168.716 84.9101 18.5547 -9.40746 12.8483 12.7171 4.53314 -8.37095 2.54734 0.294171 -1.88079 -6.13985 0.186947 -0.666658 -1.13125 -2.1743 0.531836 -1.31806 -1.83409 -0.36812 1.84427 0.845894 0.259023 0.334558 0.32323 -0.254135 
-192.531 90.4117 20.264 -16.2526 17.7064 14.7858 5.95047 -13.7324 0.22765 -4.81973 -2.58279 -5.50298 2.19092 -0.154628 -3.18788 -2.18727 2.04654 1.36603 -1.21291 -1.73201 -0.0565461 0.319526 0.98918 1.26823 0.577056 0.20313 
-178.608 65.547 17.9545 -0.803748 13.661 14.2082 8.53173 -3.3909 1.54306 -0.8945 -1.94294 -6.17984 -0.101389 1.32987 2.47684 -0.170752 2.13739 2.64233 2.4709 -0.65392 -1.26176 -1.61176 -0.835882 -1.37794 -1.65099 -1.43312 
-218.572 88.017 26.9524 -18.0265 18.8906 15.6416 7.13214 -10.1814 10.8462 -0.805869 -4.61169 -4.50215 0.409974 -0.202995 -1.54317 0.0725591 1.00987 -0.850459 -1.48203 1.18749 1.06239 -4.18887 -0.787461 0.829177 1.25152 -2.66172 
-210.661 75.2188 18.0363 -11.9837 16.6624 16.2061 12.5984 -4.2856 5.9367 0.409938 -1.52282 -6.11435 2.14332 1.31572 0.602163 -3.33686 -0.74886 -1.63108 -2.51762 -2.93928 0.436822 1.08927 3.17386 2.26072 2.28943 1.01256 
-228.716 75.0004 21.8419 -14.4735 17.6647 13.833 6.46624 -9.06182 7.49258 -1.74779 -2.01482 -4.43186 1.31816 0.59388 -4.75631 -2.2668 1.33047 -0.523215 1.33618 1.58034 4.0273 -1.30332 -0.744339 1.4666 2.72146 0.636035 
-199.985 59.4989 16.7951 -2.81599 14.5294 16.4051 13.6345 0.277121 4.72327 1.59006 0.644347 -5.00835 -1.06609 -0.868623 -0.00462713 -1.95966 1.03783 1.99928 1.13322 -1.36471 -0.299924 0.581871 0.72072 -0.608992 -0.779462 -0.163613 
-212.29 65.9085 17.4067 -8.22627 10.6874 10.97 11.139 -0.643878 5.65006 0.102493 -0.839032 -4.84694 1.99802 2.49174 1.82948 -1.66628 0.510576 0.0679856 -0.0444435 -1.27692 2.54262 3.48372 3.49451 1.43193 2.07995 1.77501 
-241.255 64.562 20.3586 -10.3123 17.7456 9.35767 5.77312 -9.12589 7.5709 1.94931 -1.82925 -6.54016 1.44049 1.46519 -1.33769 -1.3936 1.31431 0.648514 0.0289871 -0.506794 1.2942 0.807629 0.294175 -0.638305 -1.1813 -1.7219 
-238.646 77.0155 26.4771 -17.835 22.8129 17.8778 11.5893 -6.6999 12.981 4.03783 0.43723 -2.11484 2.47809 3.17345 -2.84231 -1.29452 2.2676 2.57192 -0.724416 -1.02513 -0.664459 -1.19826 1.21013 -1.37285 0.0419992 -0.317215 
-225.024 65.0172 12.9101 -15.5385 15.4952 13.9272 9.74997 -5.07634 10.5581 7.55606 6.55664 -1.37595 2.21179 1.57011 2.676 1.51718 4.16421 1.35699 -0.674023 -0.981888 0.737952 0.295527 0.432376 -0.283698 0.502467 0.147447 
-223.88 57.8665 15.364 -6.29126 13.6529 8.97227 5.6435 -4.80065 6.68227 2.24878 0.705016 -5.01229 2.79672 2.15869 0.870813 -2.33395 1.2042 2.1287 0.497939 -2.21462 -0.635303 0.644707 1.05058 -0.0410951 0.10192 0.338362 
-231.611 74.4528 17.3457 -24.5442 19.5792 21.1942 11.9571 -5.97787 13.912 3.27422 1.27072 0.0560288 4.7339 1.57654 0.219175 4.86218 5.1379 -1.57483 -2.83656 0.688063 1.91155 -1.01062 0.0898023 1.5716 1.36559 -3.71626 
-214.099 52.2562 9.79748 -7.66337 9.8053 8.67898 6.98172 -1.72719 7.18836 3.87351 4.12281 -0.836899 3.28694 -0.0438825 -0.468879 -2.34317 1.42504 1.31136 1.5324 -0.221162 0.372477 -0.50826 -0.0936028 -0.48879 -0.412343 -0.511171 
-246.011 64.3989 17.3639 -23.9773 15.7559 16.2724 7.68041 -10.2978 7.08659 -0.939834 -0.407651 -0.302507 6.59278 3.36309 0.331504 0.576073 3.7225 1.2308 0.875832 2.71806 3.20255 -0.26351 0.90997 1.75767 2.29031 1.09043 
-226.376 63.3921 16.2648 -8.49293 19.632 17.2012 13.7055 -1.91647 9.73369 3.69779 5.88612 -1.16188 2.02595 -1.57979 -1.21749 -0.353933 1.5885 -0.633309 -0.526144 -0.592016 0.528675 0.203611 1.8644 2.82004 1.19315 -0.766176 
-229.99 58.6506 14.003 -16.6393 7.03834 6.98331 10.3118 -2.40772 6.26441 0.944128 1.81472 -2.07453 3.71305 3.7184 1.9515 -0.79424 -0.26242 -0.593398 0.235667 -1.02505 0.514437 -1.38702 -0.620425 -1.89965 -0.521757 -0.76127 
-211.648 49.1649 6.31383 -10.258 5.95172 5.19106 2.75692 -4.53611 4.2199 1.12502 -1.00883 -5.44123 0.273339 0.165178 -0.0974318 -3.13005 -1.8057 -1.2598 0.473237 0.918027 1.74861 -0.113562 -0.7998 -1.63568 -1.46686 -1.04483 
-247.81 69.396 18.5018 -21.1103 22.5124 17.9674 7.91829 -7.48216 15.0094 5.97696 3.26476 -2.71043 4.86868 1.81625 -3.19999 3.22935 4.24175 -1.24925 -2.66334 -0.0717755 1.33777 -3.90754 -3.06395 0.784518 -1.50073 -4.73233 
-222.404 54.6866 11.1666 -11.256 10.9595 8.06077 4.7587 -7.5225 3.92146 2.31994 1.98916 -3.50292 1.29468 1.49661 0.39192 -2.03269 -1.35908 -1.78691 -2.24458 -1.25789 1.44751 1.79597 0.752399 -0.11019 0.47719 0.987809 
-248.292 56.68 13.6933 -16.2461 17.5924 10.2505 5.86556 -6.40236 11.4762 6.8194 4.70545 -1.45153 4.53753 0.561836 -1.20936 1.99628 4.51973 0.777228 -2.06089 0.302219 2.14326 -0.226092 -1.3162 -2.13662 -0.678011 -1.50644 
-228.606 68.0925 16.0406 -18.8411 13.7921 11.7025 9.99398 -6.10021 9.52062 1.67044 1.49326 -4.65914 0.0130067 -0.669378 -1.12827 1.59243 2.13341 -1.41087 -2.69052 -0.0380726 2.09691 -0.535308 -1.38654 -0.116313 0.902878 0.238165 
-232.435 60.994 9.54505 -20.9712 14.4484 12.8932 9.22778 -5.08861 8.37544 2.37182 -2.68872 -4.99441 0.990191 0.470137 -2.84143 -0.315955 3.57678 3.35487 2.04598 1.86817 1.80234 -3.57916 -3.07176 -1.72945 1.07257 0.611279 
-223.2 59.8169 12.7168 -9.80542 16.8382 11.4505 6.77699 -3.98947 11.043 5.6088 3.02822 -2.66563 5.89611 3.676 0.723434 -2.44662 0.113144 0.675914 -0.0360401 -0.40415 0.25355 -0.379128 0.338641 1.05967 1.49472 0.661455 
-241.496 70.7686 19.8617 -23.1054 15.5594 14.7676 9.71237 -5.36125 8.7716 1.77718 -2.14913 -6.86251 0.694103 -2.02884 -5.65839 -0.847134 0.34679 0.297528 1.17382 1.84595 3.37524 -2.92642 0.273136 2.96068 3.14678 -0.8899 
-218.037 50.4795 12.101 -3.24228 14.5652 11.1099 6.19428 -4.34845 3.35654 0.738913 0.737051 -1.69633 3.55298 1.95457 -0.252141 -1.15584 2.88157 3.82991 1.8495 -1.10439 -0.356504 0.222953 0.492046 -0.157083 0.0956874 0.307577 
-213.26 49.6395 13.7705 -3.59959 8.29803 6.48832 5.9964 -2.87095 2.65884 1.03401 3.48903 1.72944 5.50041 4.62359 3.99472 1.09527 1.21368 1.26497 2.06726 1.68282 1.46674 0.27207 0.801732 1.31752 2.0163 1.35581 
-214.118 52.5754 6.10734 -12.2229 11.1805 12.9936 10.1356 -2.32837 6.52652 4.89324 4.02676 -1.47179 2.14275 1.61955 0.495986 -3.02853 -2.71906 -1.5523 0.701155 2.43983 1.87109 -1.22306 -3.3586 -2.5181 -0.412489 0.713732 
-212.493 47.9696 13.0138 -3.13809 7.88678 4.09116 3.43333 -1.90194 6.71683 3.26549 1.32051 -3.73988 -0.051446 -0.866506 1.05629 0.831235 2.73243 1.00461 -0.405969 -0.535517 1.6994 2.16652 2.29285 1.60252 1.29306 0.769942 
-237.144 61.373 14.3074 -16.1603 15.5798 9.82289 7.9835 -4.2013 11.6618 4.88769 2.71004 -1.88216 4.90956 3.25654 1.30701 2.471 3.08421 1.77902 -0.898395 -0.214156 -0.307189 -0.524917 0.624029 1.6146 -0.348007 -2.26912 
-239.686 57.2685 9.98978 -16.9005 11.2338 6.49058 3.19441 -7.13078 9.43401 6.79213 4.11293 -3.15047 3.27331 2.72647 1.29497 -1.10245 1.15538 1.5164 1.91134 1.62661 3.38397 0.166436 0.0246616 -1.31924 0.147361 -0.605724 
-241.259 64.2935 18.6049 -16.6686 16.3514 10.4672 5.06426 -9.84756 7.26244 5.39091 4.55522 0.390908 4.45463 2.46551 0.480883 1.21702 1.13211 -2.11684 -2.53575 0.064896 2.7425 -0.499821 -0.344482 -1.06441 -0.530121 -2.03241 
-241.958 67.9071 12.3123 -27.9648 15.0139 10.4037 -1.34766 -14.1955 10.131 4.30275 0.308079 -1.85975 5.79776 3.82197 0.0358767 -0.579707 2.61596 1.6925 -1.18735 -1.02117 0.727503 -1.41265 1.0096 1.65768 1.99449 -0.0315753 
-249.101 63.4811 11.1767 -22.2039 18.2233 10.1468 1.37122 -11.6324 7.9093 1.44855 -1.60977 -4.30072 3.15978 1.6656 -3.75045 0.76413 0.43055 -0.764643 -2.62045 -2.52531 -0.578647 -1.80017 0.51865 -0.229679 0.91661 -1.66763 
-246.217 67.6461 20.7543 -19.3453 15.7266 12.7861 1.53786 -12.8798 12.8828 6.80979 2.13094 -1.3293 2.5242 4.19024 -2.50234 0.906489 3.60707 0.0471842 -0.807737 0.361843 1.08812 -1.22983 0.692814 0.405203 -2.36744 -5.33049 
-240.811 68.1024 17.4003 -22.7902 18.4013 14.8648 4.5202 -12.5735 9.5435 2.41016 -1.15989 -1.64537 6.10519 4.08375 -1.90801 -0.287123 0.873546 -2.00816 -0.289238 0.328213 3.46139 -1.16196 -1.36557 -2.37397 -1.88293 -2.12414 
-240.008 67.3641 18.7468 -19.705 15.0721 9.59915 1.42965 -7.7303 10.7903 1.7842 -1.83412 -4.55175 3.50454 0.634061 -0.934791 1.41193 2.09623 -1.03762 -3.83372 -0.777096 1.20227 -1.47917 1.80496 1.90604 1.35439 -1.82101 
-211.599 67.4931 -3.62267 -20.9229 18.5347 6.10957 3.42654 -7.08243 10.499 -0.121522 -2.45404 -5.43236 4.02865 2.53963 -2.78283 -2.38055 -0.445449 0.25107 -1.12176 0.0596205 0.514008 -1.07693 -0.0765366 0.342668 -0.0586004 -1.86967 
-247.46 65.6437 11.5154 -28.3944 11.2687 14.3978 8.25599 -11.1015 6.46588 1.06272 1.0239 -1.72117 4.34607 0.84602 -2.29129 -1.2758 5.94086 2.28771 1.29294 2.96393 3.73099 -1.07022 0.459933 0.339914 1.37356 0.792206 
-213.079 42.403 3.63322 -11.2017 6.73297 8.91587 7.10293 -3.83951 2.29205 1.69675 3.47217 -0.519569 3.60843 4.68112 6.41905 4.00482 3.88655 2.48215 2.36829 2.14962 3.02957 2.14433 0.912413 -0.466026 -0.0534738 0.295757 
-397.203 -14.9949 29.2097 -3.04154 9.96759 5.57486 11.1742 -6.21154 6.49534 -2.52789 2.71844 -3.59277 -3.05834 -2.18919 -2.59973 1.03904 0.344283 -1.20903 1.76863 -0.100803 -0.518187 -2.19503 1.62224 0.0385862 1.58649 -0.0111427 
-455.514 -51.8922 20.1026 -4.53829 -2.85014 -2.3091 14.9679 -9.65281 4.59512 -4.14131 0.333059 -4.7399 -5.51994 0.38641 2.54192 0.437073 0.758185 2.55026 0.287884 -0.552104 1.47458 -1.52903 -0.0738482 -1.70033 -0.0490106 -1.47402 
-inf nan nan nan nan nan nan nan nan nan nan nan nan nan nan nan nan nan nan nan nan nan nan nan nan nan 
