-55.688 52.6658 -23.2386 -4.61614 -0.350847 1.86479 5.18908 -3.77521 1.04342 0.332451 3.5654 1.77407 -5.33546 -6.63688 -0.176629 -0.0772628 2.03113 -3.51002 -5.48152 -3.54597 0.135106 0.910911 -0.755626 -1.62892 0.631011 -2.81038 
6.15931 65.9135 -18.3189 3.65641 3.01806 -7.36473 -1.63338 -3.9781 1.01141 3.79718 4.00914 1.37625 -2.88969 -3.66002 -2.46443 -0.263641 3.46469 -1.29685 -1.63038 1.94497 1.56985 2.88325 1.21919 -2.76847 -1.25924 -2.08588 
14.458 80.2083 -11.8162 8.9875 -0.970262 -5.16572 3.81819 -5.62385 4.2263 7.32867 3.09868 -1.30031 -0.00905933 1.35506 -2.99556 -3.0469 2.15153 -2.67157 -1.14068 3.07078 3.3875 2.90106 3.32434 -1.83971 0.409646 0.573705 
3.30643 63.2017 -14.0698 10.7169 5.31194 -0.382324 8.60087 -3.05835 -4.58513 -3.36406 -3.41853 -1.92867 -0.697709 2.46342 3.23019 1.73709 6.29443 0.298556 0.480729 1.21902 1.61664 2.2142 4.10305 -1.69446 -0.512858 0.0570812 
8.69378 71.5128 -11.9117 7.71156 -3.93135 -7.77766 4.7357 -5.57755 -1.59073 2.72481 2.93897 -1.50712 -3.77492 -1.81924 -0.987996 0.0991761 4.43922 -2.64586 0.396521 4.39007 2.67073 1.6193 2.2454 -4.60193 -3.9565 -0.838246 
15.2458 78.0571 -8.4848 11.2284 -5.64135 -7.63672 5.24801 -4.67348 2.29642 2.32698 1.90619 -1.94788 -1.26659 0.740013 -1.51069 -3.84824 1.26783 -1.72912 -0.970158 1.77753 1.99196 2.43391 5.30626 -3.47874 -1.75001 0.979003 
2.98518 63.9954 -10.3374 9.66264 1.36867 -2.56666 6.19631 -6.20937 -3.20987 -0.992738 -0.598679 -2.20956 -1.833 1.47987 0.594783 -0.855574 5.36155 0.363637 0.402513 2.92451 0.641307 3.25405 2.98001 -2.34682 1.34881 1.29197 
13.5322 65.5378 -10.4281 6.50131 -4.46602 -10.6873 1.10639 -3.99568 1.41679 -0.84235 -0.166291 -0.247196 -1.39223 -0.563194 -1.55233 -3.93197 3.70796 -0.754344 0.848082 4.37045 1.27898 1.24656 2.75202 -4.0786 -3.56468 -0.970308 
9.40256 80.5034 -8.9819 12.8901 -1.53951 -6.91171 6.51361 -4.84592 4.01405 1.66196 1.88024 -0.939524 -0.495415 1.79704 -2.24964 -6.39118 2.14703 -2.86655 -0.44126 2.76743 0.287493 1.07293 6.20149 -3.66268 -0.718938 -0.519776 
5.75891 60.0089 -6.2235 8.55936 2.13552 0.0956549 4.29996 -5.93333 0.755482 2.07377 -2.30405 -1.82802 -0.622267 0.860565 0.504411 0.162111 5.48386 -1.066 -0.978115 5.50844 2.5001 2.81453 3.91539 -1.36671 -1.35351 -1.73788 
2.4746 70.8468 -11.619 5.07697 -6.91209 -9.92451 0.925143 -6.93763 1.70669 1.54206 -0.866187 -0.583409 -1.50832 0.372096 -0.851757 -3.71828 4.08186 -1.89704 0.00780514 5.90331 0.661167 2.34376 3.51642 -4.17377 -2.91487 -2.86445 
5.51253 78.6961 -10.2688 11.7942 0.170496 -5.8292 6.1383 -4.54118 2.32112 2.10793 2.15371 4.20137 -1.79669 -2.59905 -0.966137 -4.86681 1.3064 -5.133 -0.746044 3.96202 -0.841353 0.0990683 5.07569 -3.89715 0.445616 -0.149684 
-3.46206 66.4903 -7.76267 12.2599 2.57739 -4.12937 5.4859 -2.54067 1.21229 1.04514 -1.54549 -0.281446 -1.62309 0.067644 0.971429 0.291018 5.49851 -0.712667 -0.185921 4.54963 1.61075 2.41001 4.75684 -0.477548 -0.298896 -1.36829 
-8.68123 73.534 -12.7266 3.44202 -7.08603 -10.959 4.63044 -6.31799 -0.692181 0.705923 0.292313 3.39595 -2.32851 -1.12041 0.668375 -3.51348 2.60124 -1.83668 1.10439 6.21403 -0.289932 0.934995 3.51158 -4.4372 -1.3561 -0.632319 
-1.777 65.427 -3.34235 7.76321 1.84838 -3.40163 1.71322 -5.65311 -0.129792 5.9046 3.68767 0.4216 -1.92858 -1.80837 -2.92349 -3.65645 1.23909 -3.4448 -2.63411 2.26008 -0.718366 1.14197 3.45795 -3.12575 -2.38973 1.38034 
-19.8519 64.525 -4.75125 10.9605 3.53393 -3.00599 2.8966 -5.7434 0.639739 2.21612 -3.32905 -2.51465 -0.220913 1.81493 0.0585412 -2.48638 3.23574 -1.86679 -1.63728 4.59984 1.94925 2.4661 4.24722 -1.29291 -1.0779 -0.244418 
-27.5243 75.9329 -14.9825 1.44109 -6.39097 -9.41752 5.36784 -9.49619 -0.310931 4.68874 -0.0158242 1.35944 -1.58435 -1.68298 0.551634 -2.25432 5.02726 -3.79041 -1.77515 7.02824 1.12269 -0.0976302 3.6687 -4.86472 -0.761719 0.0559259 
-26.471 67.8997 -2.24113 11.8911 2.32956 -6.41595 2.8113 -3.56829 0.933392 4.40101 3.84264 2.19936 -1.22819 -1.45132 -1.17352 -3.20142 1.38527 -2.94658 -1.83752 1.93149 -0.0940221 3.31116 3.62263 -4.59083 -2.27015 1.42417 
-34.5361 68.7004 -2.49457 10.1756 2.67955 0.187929 7.56006 -5.00469 -2.37738 1.92167 0.746101 0.703773 0.400759 -0.111958 0.755333 -1.69193 0.896337 -1.7296 1.08911 4.85064 2.41116 2.59485 3.05706 -2.16912 -0.367435 2.05269 
-45.0529 71.8004 -12.208 0.851421 -6.77221 -9.70515 1.84925 -7.40298 0.654757 1.71054 1.67704 2.48332 -1.19456 0.158447 -0.651668 -1.25858 4.94801 -2.35857 -1.57155 5.73836 1.58103 2.40093 3.03667 -3.64721 -2.06468 0.218963 
-56.3114 75.1862 -8.21422 13.5779 1.52576 -8.98966 2.49714 -7.74477 3.64532 3.43965 -1.53899 2.59636 -1.03028 -0.283256 -1.5903 -4.19019 1.14678 -3.42089 -3.03332 4.41979 0.646785 1.68082 3.86696 -3.95897 -1.3956 -2.0142 
-48.6648 70.9903 -4.85945 6.11357 2.48454 -0.152309 4.83852 -4.58974 0.249266 3.16967 -0.884563 -0.5368 -1.88912 -0.344267 -1.48161 -1.58572 3.40277 -2.52771 -0.874379 3.16928 1.23317 1.80425 3.22407 -1.89613 -0.622011 1.73692 
-64.591 71.5683 -11.7308 3.58 -5.69492 -10.1784 0.488767 -8.63594 2.06071 3.62393 1.28771 1.66347 -1.58379 0.0823468 -1.64629 -2.48234 3.36785 -3.91537 0.377236 1.44723 0.784783 1.13991 4.53424 -3.17143 -3.43968 -0.314792 
-61.405 67.2634 -1.12879 6.51973 1.29853 -5.15926 -0.257268 -5.14033 -0.249464 3.61134 1.32942 -0.581549 0.126128 0.484895 -1.5806 -3.01067 2.40651 -3.46126 -1.55923 4.0273 1.74018 1.86742 3.19202 -2.40466 -3.17621 0.571868 
-64.2072 71.5888 -0.271054 5.30094 1.95468 1.03923 6.73073 -2.44381 -0.158055 0.611636 -1.50185 0.768266 1.59274 -1.28079 -2.21929 -2.11616 4.14305 -3.1914 -2.42584 3.74444 1.92422 1.23007 2.01913 -0.54897 -1.17861 -0.286822 
-76.7918 64.4052 -2.05209 2.40775 -5.34955 -11.0117 1.44386 -2.03942 1.84249 4.76365 5.10097 1.72314 -0.178511 0.385107 0.100493 -2.25494 2.51742 -2.71461 -1.43603 3.09779 1.16502 0.427369 4.73777 -1.03987 -4.07535 -0.999013 
-77.0706 62.4357 4.55334 4.89645 -1.09967 -6.31494 -0.395845 -3.18141 -1.52067 1.29069 -0.0261348 -1.15072 -0.791952 0.233077 -0.412634 -2.35733 -0.193172 -3.79387 -1.47264 3.89017 2.29519 0.706747 2.09157 -2.39162 -2.52956 0.675168 
-83.2776 71.8428 3.12468 6.2924 1.03223 -2.3753 5.37413 -1.38974 1.78124 1.04733 -0.440156 -2.01416 -0.429844 1.52335 -2.00249 -2.92811 0.0504854 -1.39366 -0.224488 1.43245 0.477665 1.72847 4.46819 -2.60273 -3.45099 0.517924 
-86.1727 59.1485 -2.29034 -1.70687 -2.20667 -6.63293 -2.12056 -3.53889 2.68643 7.58378 6.78262 1.16183 0.423782 1.15464 -0.744748 -1.54212 1.78813 -2.6871 -1.32413 3.09969 1.82197 1.88006 3.56113 -2.43924 -2.82704 0.706684 
-87.9051 61.0689 2.51612 2.09929 1.84826 -4.20234 -0.986792 -3.82343 -2.77221 -0.939946 -1.23292 -0.544253 2.53981 1.00887 -2.70814 -4.02893 -1.20658 -0.906312 0.474232 2.36431 0.925105 0.965632 1.97102 -2.4174 -2.07221 -0.0306192 
-95.6475 70.3313 2.55205 2.01052 4.4826 -2.68824 3.03338 -1.23017 2.44036 3.12816 -1.05666 -3.41185 -2.23673 0.38566 -1.45533 -3.32387 1.54523 -1.42281 -1.36518 2.65805 0.937953 1.06904 3.29796 -2.31413 -0.577764 -0.864808 
-101.208 55.6753 2.45176 -4.32653 -3.90802 -3.67631 -0.283562 -2.45609 2.05983 6.32402 6.99358 3.22177 2.17829 -0.240427 -2.19152 -0.813385 1.49773 -3.99117 -1.07855 5.32991 3.84587 1.20777 1.5582 -1.07356 -1.16865 0.635055 
-105.154 60.7825 4.33393 0.44332 0.857148 -3.19058 1.22504 -0.206568 -2.91177 -3.55844 0.521184 1.83277 3.03441 -1.18328 -1.35496 -1.51734 0.406536 -2.93748 0.545637 4.04648 2.27773 0.028263 1.59141 -2.48725 -2.82413 0.914016 
-110.357 67.5023 7.37869 1.68323 2.4023 0.8311 2.75368 -1.96408 0.401034 3.70473 2.62993 -0.942091 -4.62671 -1.5672 -0.37441 -1.19387 3.62788 -4.58896 -2.37666 3.41352 3.93038 3.07969 2.37521 -2.87482 -1.36508 0.0181051 
-120.987 61.2549 3.91183 -4.21045 -0.203607 -4.78919 1.17637 2.72592 4.98909 4.74379 8.02889 4.57281 3.10382 -0.0784398 -3.73928 -2.55618 1.5462 -1.60624 -0.442822 4.00487 1.05924 1.98818 2.82165 -1.45404 -1.72424 1.87056 
-125.084 58.9202 1.35673 -0.721834 1.84656 -3.11541 -0.756762 -0.994815 -1.14328 -2.06822 -0.943567 -3.34303 -1.16942 2.82202 -1.02699 -3.11744 0.438487 -2.02767 1.5118 1.41701 1.281 1.57074 1.57992 -3.02355 -2.83221 0.122575 
-124.082 62.092 8.52613 -0.408219 1.6965 0.600644 -0.313571 -4.26322 0.4992 4.12347 0.818996 -1.78966 -3.96301 -2.81531 0.213213 -0.333345 1.45081 -3.96817 -0.517733 0.557623 3.62366 4.22929 2.18456 -2.61039 -1.04057 0.491917 
-129.196 55.2798 5.10444 -4.06965 -1.73868 -2.77113 -0.545542 -0.609264 5.50422 3.98411 3.91598 3.46748 2.39377 -0.162772 -4.52066 -4.94967 -0.328234 -1.5172 0.915731 4.51372 0.140901 0.879305 0.845113 -0.456095 -1.46183 0.0739616 
-140.38 51.605 2.59189 -6.05095 0.250489 -2.68201 -2.17629 -1.07686 -0.404489 -1.08127 0.341491 0.559358 -1.86563 -3.16385 1.99576 0.689111 1.42108 -0.562876 0.206653 3.54476 3.56055 2.40565 -1.01818 -3.05448 -1.08018 0.732381 
-136.848 58.786 11.4384 -0.0827371 5.28927 -2.72664 1.07105 0.11051 0.873441 -0.662363 2.80891 -0.463459 -1.14065 -1.95472 -1.52113 -1.37955 1.72302 -2.04953 -1.76354 3.26723 2.21502 2.76759 2.69437 -0.382115 -1.55804 1.00441 
-142.955 54.3894 12.5965 0.196561 1.61069 -6.36992 -0.338189 2.77771 1.65977 2.87679 7.06375 4.6591 0.903163 -2.15501 -4.09991 -5.1571 1.2038 0.0451634 4.56482 4.86669 0.384966 -0.690905 1.06617 0.0215019 0.481393 1.75768 
-152.973 47.8103 6.55732 -4.28722 -0.191048 -5.53962 -4.07905 -4.81999 -0.295761 0.632118 1.60196 -3.72134 -1.33796 -1.20787 1.39749 1.35471 1.75632 -1.34885 -1.29081 3.6019 2.61303 1.58626 0.57316 -3.19005 -2.4851 0.103973 
-149.309 53.5204 11.5438 0.916038 5.22252 -3.66039 -0.429746 0.135743 -1.23667 -0.850449 1.97466 1.91497 0.427651 -2.91961 -3.79897 -2.88532 0.240148 -3.48702 -0.0444038 3.71603 -0.141243 0.11158 2.85592 0.415893 -2.19198 0.5595 
-150.75 52.5538 11.2195 -1.95777 2.82782 -2.8418 -2.22537 0.940905 3.273 4.41787 6.34471 3.09546 1.34767 -0.976541 -2.19174 -1.20705 1.64268 -0.407227 2.51282 5.2123 3.25144 -0.112516 0.936177 -0.289872 -0.182252 1.59503 
-163.688 46.4207 11.3212 -0.105355 2.74193 -4.44891 -5.60892 -0.645575 3.36877 5.16396 1.56755 -4.44955 -0.44597 1.5458 2.09263 0.265236 1.8074 -1.56738 -0.65748 0.773406 0.690765 2.54603 2.89069 -1.6376 -3.02558 -1.19796 
-158.057 47.9427 10.1097 2.23159 6.23071 -0.286933 -0.29416 -1.52315 -3.45706 -0.611071 3.77097 1.96641 1.45901 -2.60689 -4.51555 -2.25461 -0.939886 -1.75671 0.345867 3.78538 -1.80002 -0.7519 2.07783 -0.371503 0.562615 0.935109 
-162.801 45.909 14.5316 2.8465 2.62925 -2.11792 -1.09465 -1.42607 0.103663 2.44326 3.08155 1.34585 -0.116887 -0.0415138 -2.33338 -1.25975 1.17096 3.4107 5.19279 3.67061 1.17895 1.07691 1.21252 -1.74818 -0.161187 1.46249 
-170.213 41.4166 13.5225 1.66397 0.903437 -4.77777 -0.580942 -3.37016 -3.08243 0.681348 1.57172 -0.588055 -0.936626 -0.501213 -1.38615 0.410749 2.10844 -1.4104 -0.109854 0.871609 1.75016 0.277057 2.46517 -0.589037 -2.58817 -1.86935 
-169.076 42.4802 11.9654 -3.94217 -0.992257 -3.71704 0.0750596 -2.39107 -3.28383 -3.66124 0.8541 2.09396 1.74764 -2.80036 -2.00678 -0.959483 -2.14275 -1.58225 -0.689028 1.22243 2.71762 -0.483 -0.747488 -0.563316 -1.87597 0.996689 
-174.138 43.3948 16.9122 4.23517 3.79552 -2.98126 -2.10763 1.27293 1.06491 -0.542297 2.85077 1.11484 -0.0931623 -0.324129 -0.353186 0.822301 0.412668 3.75965 4.06158 1.50436 1.80457 3.6761 1.77932 -0.481993 -1.59907 -1.5787 
-176.3 40.7061 12.6209 2.40012 4.20516 -3.06031 -1.1578 -1.4874 0.152149 0.00232809 2.51808 0.273227 2.58261 -1.17365 0.192772 0.519621 -0.591545 2.89999 3.54033 2.03988 3.01673 1.28077 2.07157 -1.86367 -0.761546 1.50726 
-177.047 40.2401 11.4315 -2.78708 0.762119 -3.65762 -0.635578 -2.98068 -0.670727 -0.66535 0.0268021 -2.18391 -0.0843806 1.18426 -3.23248 -3.11141 1.33757 0.2474 2.79409 0.233148 1.77713 1.35097 2.16318 -0.932298 -0.0063258 0.484031 
-181.808 38.9374 17.6051 4.72803 2.38493 -3.44992 -1.31289 -3.29854 1.61997 -0.00470258 0.146051 -2.18914 -1.5048 -1.91975 -0.12195 1.73725 3.606 -0.633178 0.591679 3.77153 2.07823 2.56071 1.30464 -0.102941 -0.248006 -0.479658 
-180.985 38.2774 13.9873 1.85896 2.00772 -3.16389 -2.71498 -2.76988 -0.116744 -1.89829 0.413376 0.594129 1.74152 -0.881851 -1.32412 0.724914 2.40106 -0.616081 2.10865 5.85201 1.42632 0.244531 1.68434 0.797059 0.985745 -0.437114 
-186.817 33.4473 12.383 -0.771696 -0.594859 -2.43267 -1.43187 0.800945 -0.590784 -2.61728 0.295011 -0.265102 1.29073 -1.47508 -0.667763 -1.40259 0.494464 0.237416 0.499057 2.5476 1.65994 1.86474 2.43364 0.324102 -0.533113 0.351431 
-190.569 35.7594 18.2653 5.45042 5.17907 -2.21498 -3.50012 -7.18401 1.12859 1.32433 0.544794 -2.16592 -1.4994 -3.43313 -3.04394 1.40194 3.68144 2.44605 1.59665 2.56253 1.65487 0.628771 1.10484 0.51185 -0.476276 1.35894 
-186.897 36.3335 16.8103 1.97762 4.81032 1.63305 -1.77395 -1.94204 0.644168 -0.00201976 -1.33327 0.710929 2.67942 -0.191906 -0.908104 -3.2699 -0.208205 2.51978 3.70645 3.97946 4.41964 2.16062 1.81888 -0.468576 -1.71104 -0.613735 
-189.687 32.8548 13.7496 1.40777 0.0269417 0.512832 2.28767 -2.30381 1.34402 2.26556 1.71651 -2.05458 -0.10145 -4.17094 -1.08798 -0.0565358 3.36688 -0.471096 1.83139 2.99465 4.56022 3.98606 1.90401 -0.428408 -1.36264 -0.291817 
-195.488 31.2231 18.6448 3.22306 -0.0928399 -4.81164 -4.36651 -4.15752 -2.86518 -3.79077 1.91944 -0.0855974 -1.44244 -0.830382 -3.83403 -3.34787 -0.546645 0.170061 1.23688 2.88262 1.6815 0.0489184 2.33448 0.30223 -1.1579 0.873642 
-196.686 31.3396 17.7852 5.05169 0.967076 -5.31325 -3.9281 -3.72446 1.28272 -0.157149 1.37038 -3.94022 -0.944999 -0.874702 -0.482581 -2.7087 -1.4405 -0.971086 1.53468 1.85118 4.75438 2.87386 1.96491 -1.02673 -0.852945 -1.88502 
-198.191 31.1892 19.2163 0.292807 -0.874885 -1.22631 -0.126525 1.91057 4.66157 2.26219 -0.0989086 -0.811673 0.561032 -4.37721 -2.51247 -2.27275 -0.469291 -0.372602 3.83453 3.16289 3.32296 3.46676 3.40377 0.266724 -0.593905 -1.41066 
-198.34 27.5891 15.4832 5.34708 0.717458 -6.81325 -3.38238 -4.19748 -1.05594 -0.740154 -0.707607 -1.45236 0.749989 -1.99838 -2.79752 -1.95159 -1.21636 -0.56964 5.05999 2.08227 0.205756 1.11763 1.88475 0.451646 -0.315752 -1.68145 
-201.675 30.1515 19.4348 8.05602 -2.90131 -5.60345 -1.95502 -0.699433 2.11962 -2.17362 -0.960564 -1.35255 -0.644071 -3.30369 -1.06592 -3.23552 -1.69336 1.42 3.52991 0.907019 2.28431 3.44176 1.29251 -1.35923 -2.72308 0.37239 
-203.428 26.6077 16.0133 3.69462 -0.0379636 -0.959986 1.65154 1.58505 3.98156 2.37112 4.12369 -0.407894 -1.65769 -4.73906 -3.29343 -1.11282 -0.0473875 2.17652 4.83617 3.1069 3.45916 3.08827 1.56556 -1.04877 0.489077 -0.38087 
-203.121 26.349 19.1052 1.70772 -0.465919 -2.05154 -4.40041 -3.21602 0.0587588 -3.07436 1.61512 -0.929966 -0.0774215 -0.0461675 -1.98428 -0.81492 -0.37104 -0.430831 2.45123 3.311 3.76714 2.15727 -0.732668 -0.484717 -1.02826 -0.494982 
-200.817 27.7414 17.9744 1.135 -2.1376 -2.79784 -2.90601 -2.13428 1.32286 -2.67772 1.45316 -0.792072 -1.3566 -4.05549 -4.0988 -2.19355 -0.107927 -1.58333 1.15344 -0.561834 3.00444 2.25578 0.598382 -0.707796 -2.57954 -0.42305 
-203.457 25.657 14.6431 3.27162 3.14726 -3.34785 -1.85648 -3.35877 -1.11409 1.01831 4.43973 0.307654 -1.38945 -4.35399 -4.61736 -4.75769 -1.19721 0.230651 2.95114 2.28324 5.51772 2.39303 -0.177616 -0.706157 -0.333124 -0.94858 
-205.248 25.8606 20.1672 7.83947 0.970337 -7.31903 -6.52905 -0.726636 2.39924 2.05877 1.42264 1.18855 0.674186 -2.17626 -1.56264 -0.800662 -0.860904 0.645557 1.05185 2.23004 4.22904 3.41018 0.242227 -0.950086 -1.43305 -1.17027 
-210.298 23.379 17.9992 5.11145 0.0787412 -5.66346 -4.81778 -3.3741 -0.903137 -3.86835 -0.306697 -0.0208333 -0.784395 -0.525362 -2.78047 -4.88559 -1.95186 -0.193794 2.33408 0.768923 0.995246 2.20339 0.816006 -0.823936 -1.90897 -1.56509 
-208.195 21.5568 14.847 4.28855 1.31174 -1.66657 -1.05017 -5.2688 -0.390971 0.962253 5.82702 3.50243 -1.71199 -2.13939 -3.52483 -4.83461 -2.41883 -0.542924 2.47073 2.28196 2.42445 4.09929 2.9817 -1.68943 0.152212 1.02241 
-203.143 26.7535 19.4268 4.10505 -1.95302 -1.63107 0.186725 2.22416 3.34954 5.73106 5.46525 2.03385 -0.137619 -1.51864 -0.187218 -1.81215 -1.48807 -1.41069 1.86512 2.47399 2.12506 2.45472 3.48237 -2.20381 -1.57104 -0.292359 
-218.581 19.7229 12.7676 3.45854 -1.10433 -9.62838 -5.09573 -4.18766 0.433993 1.23104 0.820104 1.92315 1.89652 -1.24317 0.595419 0.389156 1.35749 -2.79541 0.596949 4.23395 4.25138 0.676673 0.922052 0.237892 -0.216753 0.0230482 
-217.339 19.5804 15.4026 2.40148 1.95499 -7.62506 -5.4912 -0.86474 2.70277 3.82434 4.27902 0.500867 -0.641717 -3.48847 -3.78304 -2.81325 -1.16546 -0.509702 0.9674 1.47929 2.1243 1.56761 0.894707 -0.381802 -1.29269 -2.34935 
-211.761 20.1889 16.4491 2.8205 -1.48536 -3.19076 -3.80608 1.47168 4.64048 5.19728 3.82936 0.835446 -0.991074 -2.67571 0.0475442 -3.72766 -4.49972 -2.00732 1.31235 0.368626 2.44092 2.58038 -0.261243 -0.288632 1.65464 0.126312 
-217.881 17.5704 13.5097 4.01699 0.535923 -3.18244 -5.77904 -0.563046 0.425305 2.4212 5.04244 4.01953 3.90429 -1.18734 -0.484754 0.0197713 -0.109785 -0.269499 0.920648 2.31647 1.98747 3.84199 -0.920514 -0.766848 -1.86587 -1.41239 
-218.726 19.9255 15.7068 5.64158 1.42657 -4.79575 -0.471649 -4.08513 3.44771 4.40097 6.37128 2.66947 -0.722668 -3.25577 -0.478132 0.0558859 -1.37234 -0.38712 2.54949 1.82214 4.06117 1.6354 -0.112143 -0.850967 -1.9962 -0.63615 
-215.75 18.4376 15.4679 3.63127 4.09021 -3.67772 -4.42489 1.0983 3.05574 4.39124 5.36035 1.93284 -1.01444 -4.34033 -2.73088 -1.5327 -3.65906 -1.47334 -2.82731 0.681506 5.63584 1.68973 1.43294 -0.983336 -0.0404231 -0.267991 
-212.34 20.0421 15.7038 3.42748 -0.608513 -5.30823 -4.1748 -1.8696 3.4626 2.90825 1.30049 1.79436 3.64678 1.59634 0.793461 -2.36072 -3.2432 -0.362214 1.62729 3.0596 2.6884 1.8654 -0.124431 -1.8376 -1.25451 -0.861401 
-222.067 11.4717 9.04971 0.702598 -1.12748 -5.16771 -1.53893 1.80546 4.35277 5.60574 8.44549 5.10043 3.60285 0.52571 0.87085 -2.01253 -1.92211 -0.675706 2.64901 0.495228 2.37175 -0.609428 -0.583355 -1.29965 -1.97146 -2.893 
-220.204 13.7898 11.347 3.05708 0.0141034 -4.76418 -3.07726 -1.80942 1.0693 3.449 2.9408 2.25731 -2.33609 -3.11507 -4.19968 -5.63815 -3.72511 -1.85154 1.4145 1.88661 2.16734 1.37904 2.40218 2.03412 1.31767 0.30057 
-217.311 20.033 19.8472 3.58622 -2.171 -1.95707 -1.58339 1.23639 1.81269 2.26824 3.41461 1.81858 -0.569794 -2.38528 -2.32631 -3.82526 -1.50359 -0.942105 -0.671425 0.789086 2.41613 1.13494 1.67302 -0.987795 -0.374704 -0.544805 
-227.891 11.9029 15.6219 4.16606 -1.21234 -4.98836 -2.29556 3.98498 5.67361 4.84234 2.98825 2.02562 1.19726 -2.24498 -1.24894 -3.31121 -2.41753 -2.13261 0.565968 2.64546 1.22108 -0.333781 0.780798 -0.344442 -1.13197 -1.98532 
-223.852 13.2322 11.2713 2.18283 -0.678344 -5.05151 -4.77119 0.427899 3.85852 1.64044 1.22934 1.93638 -0.948041 -3.23423 -0.372564 -1.79923 -1.95894 -2.18121 1.72911 2.40986 4.17154 2.76488 1.48167 0.0386648 0.610826 -0.686464 
-215.088 20.0048 15.4956 8.14882 2.11279 -5.2575 -1.65105 1.1918 4.05553 0.904054 1.39343 1.22648 0.952711 -2.61533 -0.26509 -0.489758 -1.16017 -3.00057 0.630257 1.33164 3.2734 2.4618 -0.580517 -1.01763 -1.96859 0.0169779 
-222.642 17.1658 13.8829 4.42106 5.10435 -3.31768 -2.69638 -2.08659 0.164312 5.04044 3.77774 2.08508 1.90451 -3.084 -1.61772 -0.556969 -1.14217 -0.385778 1.68729 2.18246 2.89735 1.99409 2.13256 -0.883409 -3.52921 -2.25054 
-224.164 14.5999 15.2358 2.57172 0.163285 -4.12336 -4.0129 -3.39556 2.22772 2.66644 1.57112 -0.846772 -2.01447 -2.79212 -0.226218 -1.67745 -3.21347 2.04117 3.43609 4.08275 4.58307 2.73414 0.653789 -0.767284 -0.0222753 0.476122 
-224.025 13.976 12.1761 3.02935 -0.356021 -2.77543 -5.83971 -3.55949 -2.19794 -0.0190115 1.73437 -1.97432 -0.103401 -3.78444 -4.95999 -1.16247 -1.72128 -3.29512 2.11537 1.97229 2.09955 1.92656 1.16584 -0.11535 -1.55434 0.229049 
-220.773 15.2896 14.2872 4.84189 1.44234 -1.94675 -1.47729 -1.63105 1.07129 4.04233 3.80309 0.300816 1.03731 -3.95122 -2.49961 -1.30456 -0.220038 2.275 2.05868 1.75487 1.77006 1.58334 2.68253 -2.39316 -3.26498 -0.937054 
-221.873 15.1902 15.6927 7.59817 -0.861249 -3.41307 -0.250186 0.32679 2.30224 2.10333 1.18244 -0.483086 -0.802847 -2.03676 -2.7116 -2.39192 -1.59971 -1.27378 5.47613 4.03275 3.1071 1.85897 1.402 -0.243754 -0.722662 0.481258 
-226.253 11.6984 13.5865 3.0292 -0.72445 -2.02079 -6.3945 -1.95109 0.368654 1.17537 -0.423331 -2.48825 -0.162202 -0.741868 -0.343589 -0.836814 -1.07557 -1.24293 3.62002 2.16853 2.40468 1.62599 1.10894 -0.501075 0.27018 0.419564 
-225.646 11.4094 14.5893 7.15179 1.0844 -4.99784 -2.11315 2.06842 4.22079 4.04158 3.86108 -1.94215 0.866944 -0.120117 0.640277 -2.75292 -2.12383 0.488397 1.61165 1.50917 2.90738 2.58351 0.424857 -1.25868 -0.738977 -0.82713 
-227.003 17.071 13.5047 1.92598 3.3455 -3.33735 -1.56145 -0.535648 2.31405 -1.53703 -0.85337 -3.15066 0.344218 -4.09325 -0.771877 -1.53941 -1.07084 -1.40704 1.33959 2.9229 3.85444 2.41013 1.02868 -1.06382 -2.39606 0.793152 
-228.964 12.821 8.74561 1.38662 1.22058 -4.61183 -3.05384 -1.89892 0.853812 -1.01738 1.91538 1.57791 0.606928 -1.67465 -2.8727 -4.48676 0.831661 2.61955 4.95088 2.49469 1.09015 -0.649819 0.264391 -0.788493 1.19243 2.22712 
-227.877 8.83374 9.46158 4.59079 4.37818 -1.48411 -1.70907 -2.52845 0.583438 2.71649 2.27503 1.88787 0.0682765 -4.54209 -1.89436 0.642516 1.32419 1.99862 2.37489 0.382972 5.0027 3.8864 1.38632 -2.02878 0.395437 -0.45984 
-228.135 13.4774 10.8202 7.02716 2.39108 -1.61924 0.682685 -1.85341 0.212044 -1.642 -0.107222 2.83435 0.190316 -2.6907 -2.23152 -3.97411 -1.21099 -1.06905 0.167555 2.29358 3.88217 3.31751 0.0198334 -1.25885 -0.0656758 -1.66957 
-232.599 9.53515 10.0949 4.22613 -0.944777 -7.49326 -5.24562 -3.98264 -0.282065 -0.28419 3.38804 1.48304 -2.0061 -1.99753 -3.6368 0.195078 1.44519 0.0815248 1.6315 1.59598 0.828185 -0.329691 1.45398 -1.28386 -3.10209 -0.457251 
-228.82 8.83233 10.2904 4.11563 0.156004 -0.637114 0.180822 -3.32392 0.122333 -1.19206 3.38624 3.18774 0.533564 -2.15475 -4.63687 -1.3932 1.43872 0.349844 2.60736 4.3672 3.6521 0.827201 2.94081 -0.629199 -3.273 -1.3395 
-231.771 12.8158 12.5363 1.05532 3.07754 1.26084 0.428398 -0.159044 3.54126 2.05176 2.1192 -0.519791 -0.105242 -3.20841 -1.96614 -1.77512 0.272253 0.485152 1.01167 3.01108 3.09713 2.0703 2.12435 -0.591584 -0.371498 1.25812 
-234.457 6.61146 10.727 5.5357 1.33909 -2.12806 -1.73507 -3.3718 0.121656 0.303365 2.41102 1.47677 0.698259 -3.8099 -0.249235 -0.84553 -0.264659 -1.02662 2.08871 2.8475 2.62596 2.90672 -0.164118 -1.14553 -1.67873 -2.03021 
-231.584 11.128 11.017 0.816455 -3.52162 -3.42688 -2.53529 -2.23284 0.71289 -0.306907 0.13189 -2.42144 -0.846451 -4.94954 -2.99595 0.0803795 -0.139076 -0.95373 1.02181 1.28402 0.181488 3.62023 1.72953 -0.599585 -0.892716 -0.149016 
-236.042 6.83868 9.73482 3.47594 2.0169 -1.7196 1.1481 -1.92039 1.8634 2.07654 2.65084 2.18503 -0.211011 -4.29199 -4.85984 -1.97922 -2.716 0.32439 1.30718 2.98063 3.91564 2.59839 2.16788 -1.08815 0.765183 0.994207 
-233.231 6.26109 9.14331 3.358 0.295671 -3.34953 -3.53272 -1.78036 2.90078 3.47297 0.340922 -1.79196 0.54048 0.555366 -2.77788 -2.83456 1.21929 -1.68054 -0.0643916 3.42475 2.32199 0.736354 0.11626 -1.27954 -2.20179 -0.851608 
-234.595 6.97469 11.2301 2.79441 4.027 -0.1253 -3.95797 -3.08223 3.01777 1.13067 0.412565 -2.08124 -0.936147 -1.6164 -3.52039 -4.50148 -2.57912 -0.276813 2.04279 4.19021 3.02086 1.19679 -0.918883 -0.962712 -0.68488 -0.518165 
-235.959 2.37986 7.07952 3.06851 1.25866 1.2623 1.61398 0.488162 1.49239 2.88364 5.08286 0.981302 0.606487 -0.259545 -5.00762 -1.91106 -2.77693 0.343566 1.49745 2.60755 3.24229 1.78812 3.70219 1.60978 -1.10451 -0.712035 
-232.024 7.00808 7.25241 0.721071 3.54629 -1.7446 0.621951 1.75884 3.46573 4.82359 3.16762 3.1335 -0.349245 -1.76306 -0.773469 -1.18279 0.0574146 -0.730304 0.853231 0.831139 2.99071 0.0189586 0.158998 -1.08664 -1.01409 -2.22255 
-239.452 3.36142 7.56648 -0.169018 0.779588 -2.81199 -2.72971 -0.821796 -1.45368 2.5327 1.01902 -1.83163 -0.45145 -2.67739 -2.70393 -4.01115 -2.27579 0.477137 1.9064 2.93552 1.91931 -0.264898 0.819002 -1.07409 -1.71451 -1.70982 
-240.672 4.12345 6.65662 -0.0986104 0.0209264 -0.650572 -0.967431 -0.756687 2.05026 3.59926 4.43956 1.07385 0.482463 -4.28165 -2.72651 -2.84522 -3.81337 -0.989062 1.5863 2.21027 2.03119 0.290811 0.616161 0.551929 -1.99607 -0.619864 
-243.444 0.670301 11.0157 4.33337 1.09411 -5.34899 -0.488268 -0.925607 0.907387 0.729936 -0.496266 0.950557 3.41328 0.380461 -3.79897 -0.674508 -0.401977 1.9075 2.03676 2.84611 3.23725 1.87778 1.51615 -0.476436 -1.48176 -0.220014 
-241.748 2.97626 7.35031 2.32466 1.50789 -2.46631 1.31167 -1.05056 1.41331 3.32457 1.48674 -1.32203 1.73045 0.208393 -3.57458 -3.73342 0.452005 -0.390352 -0.938967 1.11157 4.19408 2.37369 1.47897 -0.583173 -0.113135 1.93806 
-250.007 2.04046 6.54956 0.744638 2.63085 2.39095 2.42192 -0.574831 2.9652 -0.904699 0.934405 0.78295 3.4218 -1.13616 -2.70589 -2.22048 -0.0613107 -3.09148 -2.17873 0.407116 0.916437 -1.49714 0.784219 0.438471 -1.81058 -0.187924 
-245.422 -0.856407 4.22661 -2.48974 -1.43037 -2.01591 0.46504 2.3588 3.40818 -1.0563 1.80327 0.161273 1.38076 -0.281366 -1.38131 1.40241 -2.55039 0.0447405 0.32473 0.403711 -1.08559 0.300749 2.16617 -0.266674 -2.42782 -1.74708 
-249.316 -2.67956 5.15557 1.0316 2.43181 -1.32931 1.62351 4.52724 2.34443 3.77752 2.0615 2.39692 2.34321 0.823212 0.629528 0.351201 1.79071 -3.11586 -1.30419 0.861296 1.3427 -1.09007 -1.95969 -0.963742 1.06474 1.46423 
-249.075 -4.66713 2.45707 4.04348 -0.0117261 -1.0397 0.108954 -0.861621 -0.514767 2.83456 3.69338 0.813904 -1.58844 -3.52454 -1.05753 -1.70125 -1.14565 -0.36235 1.1355 -2.07301 0.733469 0.802652 0.481517 -0.582277 0.951334 -0.099263 
-241.141 1.45028 5.07166 1.66371 0.760906 -3.63448 -1.66334 -0.940771 3.75443 3.16541 0.232595 1.36204 2.38214 0.297625 -2.14576 -1.45408 0.933106 -0.11898 2.59088 2.26242 -0.332748 1.29493 2.47956 -1.17093 -2.16074 -0.378331 
-250.337 -5.18618 2.00047 2.38483 3.78403 -1.86178 1.54361 5.47829 3.32321 4.53806 5.64531 2.43838 0.576833 -0.650225 -0.307445 -1.28492 1.43183 -0.388344 -0.587296 -0.139767 0.841733 0.0670161 -1.79406 -2.79296 -2.60808 -0.611998 
-248.795 -2.22662 4.12527 -1.51885 -0.894514 -1.88383 2.72336 4.19625 0.971855 -2.56921 4.18907 3.35074 -0.448888 -1.2862 -1.32572 -0.661424 -1.38064 -2.4271 -2.3024 -0.662413 2.94017 3.08257 0.961681 1.07456 -0.317803 -0.812792 
-240.327 -0.433565 7.22555 1.06202 0.960786 -1.39321 -0.959258 -0.665735 2.63564 1.17413 2.53689 0.958206 -4.23828 -4.01069 -3.27037 -1.07887 -0.686194 -0.166884 -2.4651 0.827936 1.32487 -0.0571866 -0.00697483 -1.50661 -0.328666 -1.5541 
-255.289 -3.21893 6.36824 -0.69912 -2.68041 -2.95979 2.00254 2.67721 1.37277 3.83217 4.69356 1.22461 2.67942 0.644402 2.44842 -0.951842 0.0548672 3.49967 1.2605 -1.19667 1.99203 1.00219 0.194434 -2.2085 -1.7559 -2.07363 
-251.087 -5.05586 3.52294 1.74433 0.158263 -0.739248 -2.29257 -2.07484 1.33559 0.510498 3.46981 1.33056 0.274736 -0.0781974 -1.02689 -0.360881 -1.44197 -1.14951 -1.33682 -0.170557 0.485919 3.34074 2.95626 0.80361 0.310263 0.369185 
-247.093 -2.33708 2.60556 -1.68173 0.0268301 -3.2208 -1.92045 1.15703 2.29159 2.13125 -0.221314 -0.148453 1.40409 -3.71795 -1.6455 -0.758046 -0.638221 -0.855058 1.8277 3.35966 -0.344533 0.443421 -1.87165 -0.261191 -1.35639 -3.26214 
-251.754 -4.54811 2.65521 -1.98197 0.294219 -0.608441 2.80369 2.80641 0.683278 -2.332 -3.35348 -1.34551 0.727749 -2.07612 -0.759456 -2.76962 -2.12004 -0.864059 2.01612 1.19656 2.46483 0.851292 -0.514029 -1.15417 -0.60783 -3.12242 
-250.705 -2.95005 4.66169 0.772052 3.53156 0.795887 3.8726 5.38974 5.64047 -1.59596 -0.421273 1.79492 -1.45628 -1.57819 -1.46607 -0.99558 0.049736 -0.237088 3.87491 3.33782 4.53359 1.70798 0.502463 -0.683539 0.839008 -0.236458 
-254.151 -6.28537 0.344641 -1.42889 1.15992 -1.36452 2.44846 -0.44985 -1.13269 0.786048 -0.236791 -0.104218 -0.718524 0.280871 0.133254 -1.33508 0.565162 -0.571299 2.57562 1.2508 2.97499 2.89171 2.32079 1.21958 -0.546391 -3.19395 
-253.902 -1.91699 6.13186 2.53413 0.863632 -3.03491 -4.67208 -0.389984 3.17641 -2.16569 -1.72421 0.961126 0.3924 -3.18259 -2.47017 -1.21931 -1.9204 -2.00682 0.0430033 0.593127 4.32588 1.39865 -0.158692 -2.16944 -2.14486 -0.727316 
-249.903 0.17367 8.55034 2.67837 -1.40178 -5.21828 -0.879239 3.85874 2.8352 0.0241608 2.34106 -0.750238 1.94661 1.35999 0.285468 -2.71533 -0.237936 -0.241289 1.92563 1.60682 1.05425 1.73293 2.40972 -0.658142 -1.94475 -0.692289 
-257.614 -1.89209 3.5548 -3.34382 1.88301 -0.866532 -1.9233 -0.0193121 0.179046 -2.78123 0.80187 -2.68822 0.193034 0.668173 -3.75571 -0.787427 -0.878068 -3.9137 1.20256 2.67499 2.58508 2.26592 -0.52842 -1.09378 -0.625977 0.845736 
-258.743 -8.44109 -1.56 -5.79597 0.587523 0.978155 -0.966939 -1.67911 2.02447 -2.96644 -0.35988 -0.744101 1.35334 -0.584374 -0.00145969 -1.40827 -1.84912 -0.248373 5.23854 0.848025 -1.43713 -0.182402 -0.914236 -2.71932 0.382019 -0.212955 
-253.84 -5.23127 -1.59299 -1.11183 0.473192 -1.39263 -1.75661 -3.94966 3.65808 1.74705 1.58953 -1.22582 -0.881973 -0.948881 -0.581341 -1.83979 0.297223 -2.60775 -1.13339 0.32587 2.02725 2.63938 2.64821 1.28834 2.37621 1.24572 
-254.093 -8.34078 -2.00355 -2.40482 -0.897755 -1.93201 -2.42557 0.354577 3.7777 3.59151 4.18717 1.31012 3.47148 -0.251373 0.0676222 -1.57155 -1.63229 0.200421 -0.606651 -2.36882 -0.610532 -0.0133423 -1.02591 -1.58857 -0.941014 -2.05497 
-253.421 -4.80923 4.75392 0.730743 -0.750453 -0.935374 1.87286 1.14557 -0.255424 -0.24615 3.69735 -1.55385 0.913894 0.951586 -1.37505 -1.66452 1.5967 0.730633 1.19512 1.22356 -0.857744 -1.77843 -1.02123 1.32904 0.656121 0.502979 
-252.783 -4.12397 1.09434 1.36868 0.681981 -3.51557 3.47999 0.137975 -0.207194 -1.44305 -3.46326 -3.18411 -0.187723 -1.51226 2.07005 1.69587 1.95575 0.18119 -0.226347 0.250406 -0.905579 -1.66795 -1.37269 -0.911944 -0.0733005 0.411809 
-253.825 -4.7549 1.34321 0.343642 2.42314 -0.529675 5.51282 0.9802 0.712772 0.129171 0.712605 -0.464939 -2.31709 0.0283393 1.86529 2.38685 0.734497 -0.493517 -2.3929 -2.55438 -0.453716 -1.19106 -1.1718 0.311291 0.261236 0.616985 
-261.294 -9.35992 -0.116449 -1.37333 2.53169 -0.204756 2.74596 2.46723 -0.659186 1.04661 3.97549 1.07745 1.42869 0.0855853 -1.12824 1.00981 0.705423 -2.74454 -0.537166 -0.908434 0.678431 2.01969 -0.35515 -1.05511 -0.069019 -1.55518 
-258.124 -7.86967 -1.68377 -0.87278 -1.65013 -1.72421 3.0955 0.65905 4.22117 3.35031 1.85188 -2.25802 -0.24061 0.441884 -1.83167 -1.45529 0.410333 -2.24119 -2.82424 -0.0504081 0.608757 -1.08734 -0.325683 0.649075 3.04827 0.290094 
-257.197 -8.25078 -1.61646 -2.21439 3.29788 -0.610737 -1.26789 -1.78399 -1.8082 -1.32011 -1.22377 -4.04735 -3.13749 -1.73323 -2.25439 -3.21051 -1.79055 -0.773301 0.206375 0.603253 0.0238295 0.202751 0.116956 1.89507 -0.87785 -0.890207 
-257.939 -9.22511 -1.24412 -2.14059 -0.369649 0.480481 1.232 -0.641937 0.33855 0.172844 0.686808 -0.466848 -1.68211 -2.24393 -0.203011 -0.390899 -0.367271 -2.49041 2.63521 2.54441 2.38089 0.537524 2.79387 1.38889 1.79758 1.78137 
-258.522 -7.66459 0.728861 2.17234 3.38242 -1.43434 -1.47879 -5.68928 -0.200137 -2.25296 -2.95918 1.21653 3.26861 -1.91814 -0.978797 0.951759 2.62036 -0.787513 0.172957 0.670895 1.00424 1.51717 0.992557 2.11676 -1.53024 0.89918 
-254.726 -7.39968 -0.0315041 -0.333187 0.568195 0.666834 -1.13543 -0.437001 0.800612 -0.319803 -1.2189 -1.34054 1.80738 2.09186 1.45187 1.22059 -0.895388 -2.67785 -0.703448 -0.457339 -1.36868 -3.26507 -1.10311 -1.86049 0.892316 -0.247915 
-257.373 -7.95497 -0.336172 -4.83313 -3.50049 -3.93794 4.69554 0.383604 -0.467679 2.46426 0.422235 0.394867 -1.66864 -0.270905 2.91564 1.54584 -1.62048 -2.04079 2.32118 1.66317 0.771454 -0.396996 -2.17297 0.708362 0.64891 -0.539615 
-252.094 -3.56307 2.96096 0.545073 1.83234 -0.768317 0.70622 1.11801 3.07067 0.517329 -0.568847 0.861759 1.06936 -0.367853 1.79775 1.05503 1.35368 1.03603 1.67567 -1.87638 2.55624 1.28482 0.699826 1.60449 0.777715 4.185 
-255.429 -4.57225 1.76433 0.0336775 0.406864 -5.16396 -3.03038 -1.87942 2.50673 -0.325733 -0.890182 -2.29184 -0.123104 0.659883 3.08228 0.585076 1.94347 -1.42307 -1.40928 -1.05359 -1.38559 -2.07897 -1.3324 -0.762901 0.344361 1.88377 
-256.939 -5.3756 5.93432 2.50821 2.65969 -1.12267 -1.35359 -0.554439 1.85405 2.07684 -0.386545 -5.4935 0.271158 -0.66026 -1.02779 0.809058 2.65276 0.104147 0.742081 2.66702 -0.00905958 -1.63046 -0.562066 2.22573 1.17942 0.242417 
-258.742 -6.15931 -0.98766 -4.21018 -2.2581 -3.99833 -4.27283 -0.382242 -0.835122 -3.44791 -0.679061 -2.11168 -1.36169 0.0351429 -0.0116063 -2.05842 -1.93498 -4.91341 -4.33106 -0.90949 0.679174 1.5681 1.68366 0.489154 1.19852 -0.798149 
-263.237 -5.61305 1.35446 -4.02175 2.45143 -1.69303 -1.82175 1.7256 0.245066 -1.03916 -0.41524 -6.24561 -2.97821 0.369591 -0.147234 -2.10324 0.577866 -3.53423 -0.637304 -2.07359 -2.83745 -2.01166 0.487121 1.47218 0.151581 0.114258 
-257.784 -8.70897 -3.88386 -3.17277 0.283854 -2.06324 1.6301 -2.23391 -3.26212 -4.00056 2.76898 1.48439 -0.86745 0.499498 -2.54666 -1.44193 0.124277 -2.63667 -2.7139 -0.858865 1.95818 0.217809 -1.44382 1.005 1.56276 1.03501 
-255.284 -8.41129 -2.391 -2.29072 1.83527 -0.632183 0.749081 -0.204532 -1.32553 -2.1297 0.205731 -3.08197 -1.47022 0.670603 -0.511545 -0.0505147 -1.23415 0.0235672 -1.65944 -1.49057 0.784526 1.04964 -0.190689 -0.658876 -1.00681 -0.199185 
-254.303 -7.44539 -1.17246 -0.56555 2.66554 -0.49796 -0.332729 -2.59206 -1.36659 -0.414681 1.05447 -0.322364 0.649701 -2.06748 1.02197 -0.367014 2.3645 2.5832 1.2357 -1.37262 -0.496368 1.09791 0.713519 -1.62942 -1.21681 -1.8538 
-261.952 -15.2939 -3.14569 -0.798919 3.70053 2.34878 -2.75197 -2.7723 -1.10082 -3.7668 -0.629748 -3.16676 -0.32106 0.285695 -0.627503 1.8064 2.1676 0.338806 2.83267 1.19654 2.92364 2.90066 1.192 -2.3408 -1.29602 -0.88321 
-261.009 -10.2926 4.39425 3.65543 2.77132 1.29941 3.93619 3.45644 3.18095 -1.16839 -0.495507 0.199663 -1.47736 -3.36735 0.872024 -0.69417 -0.680975 3.47383 1.09676 -2.44497 -0.551897 0.378805 2.15143 -1.88407 0.881961 -0.865197 
-264.16 -9.35481 2.66667 -1.79527 1.27224 0.579603 0.741785 -0.705338 4.81695 3.10502 -0.628072 -1.67464 -3.75282 -2.93063 3.69192 -0.165518 2.32621 1.5479 1.26659 0.964192 -0.718022 -0.475254 2.51407 1.28225 0.760363 0.438149 
-248.73 -3.97405 4.43081 2.91005 1.34321 -1.77884 0.452015 -3.88535 -1.94365 2.88565 -0.461208 1.1607 2.51155 1.89524 2.01438 1.79078 0.598427 -0.415934 -1.12298 -3.11364 -0.416635 0.696851 0.981469 0.120399 -0.0252411 -1.40509 
-252.778 -6.79547 -1.06234 1.23818 -0.166463 -1.76341 2.58697 -2.06283 -2.67493 -0.915764 3.33503 2.06557 1.52281 3.0896 -0.433077 -4.80238 -3.26818 -0.618005 -0.096762 0.146667 0.0255007 0.335359 -0.207951 1.12362 1.31252 -1.79625 
-259.906 -8.69525 0.142196 0.643961 3.29424 -3.76888 -1.39171 -0.832919 1.52321 1.39367 0.438686 -0.557734 -1.41269 0.0684507 0.588883 -2.34111 3.52505 0.180231 0.0217075 1.00455 0.66178 1.26083 1.21891 -0.277851 2.22049 -0.517699 
-260.696 -6.23668 2.23567 -1.218 -2.41588 -3.87302 -2.01494 -5.76721 -2.11548 -2.72671 -0.459124 0.483038 -1.05947 -1.17691 -0.636113 1.48439 3.2622 -0.912479 0.455603 0.969426 0.336102 -0.153245 0.901185 0.548662 1.80723 0.580258 
-259.17 -5.93398 -0.0747491 -2.49028 -0.242715 -2.28592 -2.00406 -1.71741 -0.873817 -0.47 1.71494 -3.37412 -0.353753 -1.06688 -1.55373 -1.62969 -0.81584 -2.53481 1.86265 1.30882 -1.06023 0.613714 -1.45846 -1.54947 1.92138 0.558569 
-262.483 -9.50693 -0.667989 -3.52414 -2.69095 -0.68768 -0.95602 -2.40848 -1.67861 -4.70272 -1.44928 3.25707 4.28547 -0.708013 -0.584785 -1.05505 -2.62206 -3.64789 -1.3643 -0.709047 -0.381062 -0.466811 -0.438251 -1.59201 -0.519243 -0.606425 
-257.281 -7.60814 1.30655 3.48506 3.75516 0.426878 -1.45542 -1.70554 0.0600462 -3.92529 -4.69623 -4.28528 -0.810912 -0.878828 1.0366 -4.0961 -3.41541 -1.30186 2.00105 1.31912 1.93821 0.414244 0.305482 -0.0205712 -0.51797 -0.866344 
-261.248 -11.1955 -2.08814 -3.63674 -3.14852 1.69939 2.56874 0.639915 -0.75889 -4.52378 0.696948 0.157593 0.546366 -0.2812 2.90704 0.562946 1.15351 -0.0215087 1.48308 2.33533 1.2291 0.616547 -2.14499 -0.595231 -0.211802 -1.00367 
-267.413 -12.9545 -2.05589 0.293032 0.451096 -1.48302 0.882087 3.04964 2.52388 -0.773115 0.0249308 0.0703086 -0.507139 0.350621 0.539381 -3.8436 -3.18017 -0.856911 2.48257 0.0804545 0.108215 1.9337 1.73157 -0.0871129 -0.0849091 -0.890091 
-267.686 -11.1502 -2.94813 -0.993623 1.94304 0.813889 -0.221173 0.753762 4.36068 0.15003 -1.1225 -2.60949 -1.14998 -3.10901 -2.0971 -1.73896 1.41472 1.03653 0.953025 -0.217188 -1.56076 -0.811353 0.39695 2.89949 1.36311 -0.581436 
-260.386 -7.70453 1.33976 2.5142 0.998618 -1.84468 3.07611 0.647061 2.19493 -0.124638 -1.83113 -2.418 -0.555128 1.88281 1.033 -3.81939 -2.2058 -0.111053 0.195673 1.25843 2.7601 0.390872 0.119794 -0.781058 1.57446 1.95726 
-265.122 -9.3392 3.65479 0.773929 -0.275559 -0.404169 1.9805 -0.201087 1.58403 -3.64094 -0.928816 -3.68514 -4.73542 -2.98993 -0.738092 -2.06166 -3.70827 -4.01739 1.441 1.80578 -0.414404 -2.01553 -0.0651281 0.912625 0.648456 2.31195 
-259.079 -7.78728 -0.878022 -0.812933 1.02644 -0.0194964 -0.130277 -4.30266 -0.0520855 -1.42378 -1.38096 -2.94902 -3.14679 -2.23004 -0.845706 -1.06781 0.774494 1.84032 1.2285 -0.948205 -1.07454 -0.87973 -0.301612 -1.54471 -1.45244 0.376937 
-259.475 -6.40098 0.879404 1.50667 0.989145 -3.59199 0.317518 3.01114 4.98326 -1.96747 -2.95387 -5.11249 -1.82157 -1.12555 1.98171 0.397752 -0.661344 1.88142 1.35877 -1.03106 -0.307968 0.218867 1.13796 1.31031 -1.67877 -0.833027 
-265.888 -11.5031 2.90495 3.6857 3.41967 -2.99946 2.45431 2.35127 1.97558 -1.86905 -5.5232 0.204027 3.10701 -3.73824 -0.39628 1.299 0.171882 1.21928 1.65873 -1.85702 -2.80355 -0.91012 1.55523 -0.839009 -0.0856585 -3.03555 
-259.355 -7.32914 -3.83183 -4.45364 2.99837 -2.11863 -0.187171 0.410737 0.785997 -3.6797 -0.111228 0.796207 2.96925 -0.998342 -1.62864 -1.39242 -2.20983 -1.58431 0.827065 0.470617 -0.348867 -3.32499 -3.60527 -2.88404 0.818475 0.965745 
-257.563 -6.70115 1.51469 -0.00170276 1.30709 -5.50699 -2.0485 -0.406074 5.15801 2.94289 1.2404 -0.547676 1.70793 2.16737 -0.0908926 -2.88649 -2.22537 0.48295 1.70406 0.365111 2.37727 0.209123 -0.120356 0.536164 -0.525731 -0.381645 
